# This file was generated by Animated Java via MC-Build. It is not recommended to edit this file directly.
$data merge entity $(bone_head) { transformation: [-0.9961946980917455f,-0.03683360850073492f,0.07898992833716574f,-0.0223567647196569f,-1.734723475976807e-18f,0.90630778703665f,0.4226182617406994f,1.4547694655894312f,-0.0871557427476583f,0.42101007166283433f,-0.9028590122851735f,0.25553899006620756f,0f,0f,0f,1f], start_interpolation: 0, interpolation_duration: 1 }
$data merge entity $(bone_leftarmtop) { transformation: [-0.8822719989868543f,-0.4554414726654857f,0.11903438486434956f,0.2926802058872897f,-0.33046620965768964f,0.7793210147784003f,0.5324010144611336f,1.3373078879911928f,-0.3352434996807848f,0.43038566530619715f,-0.8380811267536823f,0.2401853279971495f,0f,0f,0f,1f], start_interpolation: 0, interpolation_duration: 1 }
$data merge entity $(bone_leftarmbottom) { transformation: [-0.9054797905980554f,-0.22674556882592276f,0.35873778144532087f,0.4341115740220003f,-0.24695499989128256f,0.9689658373234832f,-0.010882744538845357f,1.1528047033483955f,-0.3451370406768864f,-0.0984461940239939f,-0.9333749354010913f,0.14306527103562475f,0f,0f,0f,1f], start_interpolation: 0, interpolation_duration: 1 }
$data merge entity $(bone_rightarmtop) { transformation: [-0.9048778801242033f,0.10927459883817676f,0.43611572361984485f,-0.19878592003771342f,0.43295472395680396f,0.4759918031982829f,0.7790531757006787f,0.5556629422089508f,-0.12119434534330854f,0.8845522627943361f,-0.47309731062436217f,-0.9805248290402723f,0f,0f,0f,1f], start_interpolation: 0, interpolation_duration: 1 }
$data merge entity $(bone_weapon) { transformation: [-1.007492897457876f,0.33213182498586985f,0.37452838664577776f,-0.533461894779172f,0.4820526823436581f,0.8706098332099121f,0.5246796448915217f,1.0457264881933033f,-0.13493803399048787f,0.630358603613661f,-0.921989564926316f,-0.50879356484459f,0f,0f,0f,1f], start_interpolation: 0, interpolation_duration: 1 }
$data merge entity $(bone_rightarmhand) { transformation: [-0.8955492421847787f,0.29522828887632874f,0.33291412146291355f,-0.409251181368706f,0.42849127319436275f,0.7738754072976997f,0.4663819065702416f,0.21502336410640543f,-0.1199449191026559f,0.5603187587676987f,-0.8195462799345031f,-0.6260211194396208f,0f,0f,0f,1f], start_interpolation: 0, interpolation_duration: 1 }
$data merge entity $(bone_weaponcase) { transformation: [-0.8955492421847787f,0.29522828887632874f,0.33291412146291355f,-0.3849644083838538f,0.42849127319436275f,0.7738754072976997f,0.4663819065702416f,1.2329270724768797f,-0.1199449191026559f,0.5603187587676987f,-0.8195462799345031f,-0.03689358176749771f,0f,0f,0f,1f], start_interpolation: 0, interpolation_duration: 1 }
$data merge entity $(bone_backpack) { transformation: [-1.037702810512235f,-0.031051062110634586f,0.08531209199905151f,0.0223567647196569f,-1.807003620809174e-18f,0.9788464799853214f,0.35627098263090495f,0.04523053441056868f,-0.09078723202881074f,0.35491526398084383f,-0.975121673607145f,-0.25553899006620756f,0f,0f,0f,1f], start_interpolation: 0, interpolation_duration: 1 }
$data merge entity $(bone_thorax) { transformation: [-1.0065717261968679f,-0.03011953024731554f,0.08275272923907995f,0.0223567647196569f,-1.7527935121848986e-18f,0.9494810855857615f,0.34558285315197773f,0.04523053441056868f,-0.0880636150679464f,0.34426780606141844f,-0.9458680233989304f,-0.25553899006620756f,0f,0f,0f,1f], start_interpolation: 0, interpolation_duration: 1 }
$data merge entity $(bone_leftlegtop) { transformation: [-0.9888733044751618f,-0.0815763724576583f,0.12439808339770937f,0.11875f,-0.14012337469740993f,0.7915775823327961f,-0.5947859875716429f,0.75f,-0.04995025084805185f,-0.60559906423707f,-0.7942006961942314f,1.4542680739874818e-17f,0f,0f,0f,1f], start_interpolation: 0, interpolation_duration: 1 }
$data merge entity $(bone_leftlegbottom) { transformation: [-0.9922014928691529f,-0.050101437813299635f,-0.11413169357047365f,0.14934113967162185f,-0.03486651785246288f,0.990666840105388f,-0.13177077767262907f,0.45315840662520146f,0.11966838964851292f,-0.12676378759190515f,-0.9846879803644839f,0.22709964908890126f,0f,0f,0f,1f], start_interpolation: 0, interpolation_duration: 1 }
$data merge entity $(bone_rightlegtop) { transformation: [-0.9678208589378423f,0.1244850518904904f,0.2186921508894159f,-0.11875f,0.048916088625667924f,0.945557750672736f,-0.32175729427051364f,0.75f,-0.24684003175818736f,-0.30070585627576f,-0.9212198362622676f,-1.4542680739874818e-17f,0f,0f,0f,1f], start_interpolation: 0, interpolation_duration: 1 }
$data merge entity $(bone_rightlegbottom) { transformation: [-0.9427554027276568f,-0.05596622566641045f,0.32875527708687785f,-0.1654318944589339f,0.08373044798405521f,0.9145144050313536f,0.3957936521352241f,0.395415843497724f,-0.32280251347875655f,0.40066343054339987f,-0.8574773190685521f,0.11276469610340999f,0f,0f,0f,1f], start_interpolation: 0, interpolation_duration: 1 }
execute on vehicle unless entity @s[tag=aj.transforms_only] at @s run function animated_java:anby_demara/animations/walk_exit/zzz/frames/zzz/0