# This file was generated by Animated Java via MC-Build. It is not recommended to edit this file directly.
$data merge entity $(bone_head) { transformation: [-0.9961946980917455f,-0.036700786509303626f,0.07905172840295467f,-0.02225348762393975f,-1.734723475976807e-18f,0.9070168632700757f,0.4210943002982979f,1.440551195084069f,-0.0871557427476583f,0.41949190935381764f,-0.903565390269455f,0.2543585274604832f,0f,0f,0f,1f], start_interpolation: 0, interpolation_duration: 1 }
$data merge entity $(bone_leftarmtop) { transformation: [-0.8823204424304906f,-0.45532724801555f,0.11911227511826505f,0.2927662701337207f,-0.33089784267251493f,0.7801072935082514f,0.5309794989732715f,1.323017922986724f,-0.3346897885862952f,0.4290800715831681f,-0.8389714164298115f,0.2392016091590459f,0f,0f,0f,1f], start_interpolation: 0, interpolation_duration: 1 }
$data merge entity $(bone_leftarmbottom) { transformation: [-0.9055160009945566f,-0.22660362938910072f,0.35873606884520726f,0.434170595963561f,-0.24739991728559768f,0.968832842446937f,-0.012498172797166862f,1.1383316571931772f,-0.34472315395097214f,-0.10006856921069412f,-0.9333553602922194f,0.14239064715657562f,0f,0f,0f,1f], start_interpolation: 0, interpolation_duration: 1 }
$data merge entity $(bone_rightarmtop) { transformation: [-0.9048144593854652f,0.10934443678510561f,0.4362297886537711f,-0.1988145076588778f,0.4328837388999688f,0.4774562616007904f,0.7781960081701517f,0.5394020601176167f,-0.12191924770416473f,0.8837540114082216f,-0.4744010799280551f,-0.9801980710351511f,0f,0f,0f,1f], start_interpolation: 0, interpolation_duration: 1 }
$data merge entity $(bone_weapon) { transformation: [-1.0074222846766006f,0.33225943910717404f,0.3746051327213289f,-0.5334186288758415f,0.48197364743501686f,0.8716154518832839f,0.5230802110732968f,1.0303038330100178f,-0.13574514177370922f,0.6288999675325836f,-0.9228667765838963f,-0.5092880963825848f,0f,0f,0f,1f], start_interpolation: 0, interpolation_duration: 1 }
$data merge entity $(bone_rightarmhand) { transformation: [-0.8954864752680894f,0.29534172365082134f,0.3329823401967368f,-0.40932962539706824f,0.4284210199422372f,0.7747692905629191f,0.46496018762070834f,0.19938739434655317f,-0.12066234824329708f,0.5590221933622965f,-0.82032602363013f,-0.6251245000926012f,0f,0f,0f,1f], start_interpolation: 0, interpolation_duration: 1 }
$data merge entity $(bone_weaponcase) { transformation: [-0.8954864752680894f,0.29534172365082134f,0.3329823401967368f,-0.38489366216329995f,0.4284210199422372f,0.7747692905629191f,0.46496018762070834f,1.2182725718349812f,-0.12066234824329708f,0.5590221933622965f,-0.82032602363013f,-0.037702214768651016f,0f,0f,0f,1f], start_interpolation: 0, interpolation_duration: 1 }
$data merge entity $(bone_backpack) { transformation: [-1.037702810512235f,-0.030907621699916323f,0.08536416356005593f,0.02225348762393975f,-1.807003620809174e-18f,0.9794439341445402f,0.35462518849048247f,0.030151929915931075f,-0.09078723202881074f,0.35327573258400446f,-0.9757168542729117f,-0.2543585274604832f,0f,0f,0f,1f], start_interpolation: 0, interpolation_duration: 1 }
$data merge entity $(bone_thorax) { transformation: [-1.0065717261968679f,-0.02998039304891883f,0.08280323865325423f,0.02225348762393975f,-1.7527935121848986e-18f,0.9500606161202039f,0.3439864328357679f,0.030151929915931075f,-0.0880636150679464f,0.3426774606064843f,-0.9464453486447242f,-0.2543585274604832f,0f,0f,0f,1f], start_interpolation: 0, interpolation_duration: 1 }
$data merge entity $(bone_leftlegtop) { transformation: [-0.9888733044751618f,-0.0815763724576583f,0.12439808339770937f,0.11875f,-0.14012337469740993f,0.7915775823327961f,-0.5947859875716429f,0.7353515625f,-0.04995025084805185f,-0.60559906423707f,-0.7942006961942314f,1.4542680739874818e-17f,0f,0f,0f,1f], start_interpolation: 0, interpolation_duration: 1 }
$data merge entity $(bone_leftlegbottom) { transformation: [-0.9922014928691529f,-0.050101437813299635f,-0.11413169357047365f,0.14934113967162185f,-0.03486651785246288f,0.990666840105388f,-0.13177077767262907f,0.43850996912520146f,0.11966838964851292f,-0.12676378759190515f,-0.9846879803644839f,0.22709964908890126f,0f,0f,0f,1f], start_interpolation: 0, interpolation_duration: 1 }
$data merge entity $(bone_rightlegtop) { transformation: [-0.9678208589378423f,0.1244850518904904f,0.2186921508894159f,-0.11875f,0.048916088625667924f,0.945557750672736f,-0.32175729427051364f,0.7353515625f,-0.24684003175818736f,-0.30070585627576f,-0.9212198362622676f,-1.4542680739874818e-17f,0f,0f,0f,1f], start_interpolation: 0, interpolation_duration: 1 }
$data merge entity $(bone_rightlegbottom) { transformation: [-0.9427554027276568f,-0.05596622566641045f,0.32875527708687785f,-0.1654318944589339f,0.08373044798405521f,0.9145144050313536f,0.3957936521352241f,0.380767405997724f,-0.32280251347875655f,0.40066343054339987f,-0.8574773190685521f,0.11276469610340999f,0f,0f,0f,1f], start_interpolation: 0, interpolation_duration: 1 }