# This file was generated by Animated Java via MC-Build. It is not recommended to edit this file directly.
$data merge entity $(bone_head) { transformation: [-0.9961946980917455f,-0.024186231943777503f,0.08373260821363318f,-0.012597313776112872f,0f,0.9607239359552461f,0.27750588981616287f,1.4390657424541704f,-0.0871557427476583f,0.2764498961240936f,-0.9570680913284498f,0.14398795533526593f,0f,0f,0f,1f], start_interpolation: 0, interpolation_duration: 1 }
$data merge entity $(bone_leftarmtop) { transformation: [-0.8869913818458898f,-0.44445623309416926f,0.1253193735815032f,0.3008130816735764f,-0.36621878830077625f,0.8423426300057923f,0.39540193824820336f,1.316408952045142f,-0.28130070676525154f,0.3048238024476867f,-0.9099188765130127f,0.14722613238803148f,0f,0f,0f,1f], start_interpolation: 0, interpolation_duration: 1 }
$data merge entity $(bone_leftarmbottom) { transformation: [-0.9090827470132165f,-0.21377870467084906f,0.35758526886906056f,0.4396456206298028f,-0.2849208316986781f,0.9452293015831135f,-0.15925353086457228f,1.1172676316780932f,-0.30395506040702447f,-0.2466581295192874f,-0.9202016563748449f,0.07981082886252391f,0f,0f,0f,1f], start_interpolation: 0, interpolation_duration: 1 }
$data merge entity $(bone_rightarmtop) { transformation: [-0.899091205650003f,0.11659702129845595f,0.4460739611599504f,-0.2024072710450645f,0.4212860559633753f,0.6049592510319355f,0.691002318317009f,0.362870778693423f,-0.1873363372424724f,0.8008565910904303f,-0.5869204865510893f,-0.9391325976195913f,0f,0f,0f,1f], start_interpolation: 0, interpolation_duration: 1 }
$data merge entity $(bone_weapon) { transformation: [-1.0010500021670137f,0.3444830951462067f,0.38059859474242846f,-0.5299612724890861f,0.4690607633406654f,0.9527100548902321f,0.3714169511550641f,0.9241675695135917f,-0.20858066414625798f,0.4891829396754762f,-0.9913723609596776f,-0.5488058607124854f,0f,0f,0f,1f], start_interpolation: 0, interpolation_duration: 1 }
$data merge entity $(bone_rightarmhand) { transformation: [-0.8898222241484567f,0.306207195685517f,0.33830986199326973f,-0.4170710022713408f,0.4169429007472581f,0.8468533821246508f,0.33014840102672366f,0.0837236012408098f,-0.18540503479667375f,0.4348292797115344f,-0.8812198764086023f,-0.5366401575242792f,0f,0f,0f,1f], start_interpolation: 0, interpolation_duration: 1 }
$data merge entity $(bone_weaponcase) { transformation: [-0.8898222241484567f,0.306207195685517f,0.33830986199326973f,-0.3784642966761661f,0.4169429007472581f,0.8468533821246508f,0.33014840102672366f,1.1797577782629118f,-0.18540503479667375f,0.4348292797115344f,-0.8812198764086023f,-0.11119019856015958f,0f,0f,0f,1f], start_interpolation: 0, interpolation_duration: 1 }
$data merge entity $(bone_backpack) { transformation: [-1.037702810512235f,-0.017496269133490103f,0.08908536392618936f,0.012597313776112872f,0f,1.0221399200752368f,0.2007471749067297f,-0.032815742454170405f,-0.09078723202881074f,0.19998327129898044f,-1.0182503690868714f,-0.14398795533526593f,0f,0f,0f,1f], start_interpolation: 0, interpolation_duration: 1 }
$data merge entity $(bone_thorax) { transformation: [-1.0065717261968679f,-0.016971381059485396f,0.08641280300840366f,0.012597313776112872f,0f,0.9914757224729795f,0.19472475965952776f,-0.032815742454170405f,-0.0880636150679464f,0.193983773160011f,-0.987702858014265f,-0.14398795533526593f,0f,0f,0f,1f], start_interpolation: 0, interpolation_duration: 1 }
$data merge entity $(bone_leftlegtop) { transformation: [-0.9888733044751618f,-0.0815763724576583f,0.12439808339770937f,0.11875f,-0.14012337469740993f,0.7915775823327961f,-0.5947859875716429f,0.703125f,-0.04995025084805185f,-0.60559906423707f,-0.7942006961942314f,1.4542680739874818e-17f,0f,0f,0f,1f], start_interpolation: 0, interpolation_duration: 1 }
$data merge entity $(bone_leftlegbottom) { transformation: [-0.9922014928691529f,-0.050101437813299635f,-0.11413169357047365f,0.14934113967162185f,-0.03486651785246288f,0.990666840105388f,-0.13177077767262907f,0.40628340662520146f,0.11966838964851292f,-0.12676378759190515f,-0.9846879803644839f,0.22709964908890126f,0f,0f,0f,1f], start_interpolation: 0, interpolation_duration: 1 }
$data merge entity $(bone_rightlegtop) { transformation: [-0.9678208589378423f,0.1244850518904904f,0.2186921508894159f,-0.11875f,0.048916088625667924f,0.945557750672736f,-0.32175729427051364f,0.703125f,-0.24684003175818736f,-0.30070585627576f,-0.9212198362622676f,-1.4542680739874818e-17f,0f,0f,0f,1f], start_interpolation: 0, interpolation_duration: 1 }
$data merge entity $(bone_rightlegbottom) { transformation: [-0.9427554027276568f,-0.05596622566641045f,0.32875527708687785f,-0.1654318944589339f,0.08373044798405521f,0.9145144050313536f,0.3957936521352241f,0.348540843497724f,-0.32280251347875655f,0.40066343054339987f,-0.8574773190685521f,0.11276469610340999f,0f,0f,0f,1f], start_interpolation: 0, interpolation_duration: 1 }