# This file was generated by Animated Java via MC-Build. It is not recommended to edit this file directly.
$data merge entity $(bone_head) { transformation: [-0.9961946980917455f,-0.021715907309455693f,0.08440700719503756f,-0.010707537240555839f,8.673617379884035e-19f,0.9684617964810517f,0.2491620933382403f,1.4508068107012149f,-0.0871557427476583f,0.24821395634899557f,-0.9647765069588309f,0.12238771069331793f,0f,0f,0f,1f], start_interpolation: 0, interpolation_duration: 1 }
$data merge entity $(bone_leftarmtop) { transformation: [-0.9049640288869878f,-0.40818767419206603f,0.12009549974209197f,0.30238789545320727f,-0.34708062878596013f,0.8714523782822686f,0.3465628218775353f,1.3274952589176792f,-0.246120181094874f,0.2719440659838885f,-0.9303070898547302f,0.1292259285197415f,0f,0f,0f,1f], start_interpolation: 0, interpolation_duration: 1 }
$data merge entity $(bone_leftarmbottom) { transformation: [-0.9218687345388791f,-0.22042222379646684f,0.31870374885825553f,0.43271493990394216f,-0.2798436257932488f,0.947600035275537f,-0.15408347818208473f,1.1204784339966734f,-0.2680402607493393f,-0.23123195367946267f,-0.9352465996810708f,0.06893116768298418f,0f,0f,0f,1f], start_interpolation: 0, interpolation_duration: 1 }
$data merge entity $(bone_rightarmtop) { transformation: [-0.8980165965577341f,0.1471511298463501f,0.43915211210875893f,-0.24274359748285726f,0.41792369806986623f,0.6703828923802472f,0.6299749205113474f,0.28596688019305416f,-0.1996191753721287f,0.7415356787549833f,-0.6566725685110616f,-0.8726086203315032f,0f,0f,0f,1f], start_interpolation: 0, interpolation_duration: 1 }
$data merge entity $(bone_weapon) { transformation: [-1.027281465422927f,0.3058971223893204f,0.34167929599619673f,-0.5315704446554211f,0.40995199790234926f,0.9882257405689198f,0.3478135205722771f,0.8936657719522614f,-0.2055654402237781f,0.4421106605714713f,-1.0138569985923367f,-0.538252378435774f,0f,0f,0f,1f], start_interpolation: 0, interpolation_duration: 1 }
$data merge entity $(bone_rightarmhand) { transformation: [-0.9131390803759352f,0.27190855323495144f,0.30371492977439707f,-0.37642159050840784f,0.36440177591319933f,0.8784228805057065f,0.3091675738420241f,0.06106395094131534f,-0.1827248357544694f,0.39298725384130784f,-0.9012062209709659f,-0.49419194316641724f,0f,0f,0f,1f], start_interpolation: 0, interpolation_duration: 1 }
$data merge entity $(bone_weaponcase) { transformation: [-0.9131390803759352f,0.27190855323495144f,0.30371492977439707f,-0.3844160269983152f,0.36440177591319933f,0.8784228805057065f,0.3091675738420241f,1.1745528019803975f,-0.1827248357544694f,0.39298725384130784f,-0.9012062209709659f,-0.11489294488554483f,0f,0f,0f,1f], start_interpolation: 0, interpolation_duration: 1 }
$data merge entity $(bone_backpack) { transformation: [-1.037702810512235f,-0.014871579500772001f,0.08956091570883662f,0.010707537240555839f,9.03501810404587e-19f,1.0275962648627985f,0.17063223870203975f,-0.028931810701214866f,-0.09078723202881074f,0.16998293151849714f,-1.023685950835201f,-0.12238771069331793f,0f,0f,0f,1f], start_interpolation: 0, interpolation_duration: 1 }
$data merge entity $(bone_thorax) { transformation: [-1.0065717261968679f,-0.014425432115748838f,0.08687408823757149f,0.010707537240555839f,8.763967560924493e-19f,0.9967683769169143f,0.16551327154097853f,-0.028931810701214866f,-0.0880636150679464f,0.16488344357294218f,-0.9929753723101447f,-0.12238771069331793f,0f,0f,0f,1f], start_interpolation: 0, interpolation_duration: 1 }
$data merge entity $(bone_leftlegtop) { transformation: [-0.9895918965945432f,-0.08320964648278682f,0.11740542119776508f,0.11875f,-0.13251582274572002f,0.8450169610561138f,-0.5180597381089512f,0.7109375f,-0.05610200456703752f,-0.5282257947693391f,-0.8472485319101238f,1.4542680739874818e-17f,0f,0f,0f,1f], start_interpolation: 0, interpolation_duration: 1 }
$data merge entity $(bone_leftlegbottom) { transformation: [-0.9934996304588062f,-0.06574141085524918f,-0.09293304674321638f,0.14995361743104504f,-0.055346190470552115f,0.9923539691414553f,-0.11031953194968142f,0.39405613960395736f,0.09947503947530201f,-0.10445892411833829f,-0.989541838273363f,0.19808467303850216f,0f,0f,0f,1f], start_interpolation: 0, interpolation_duration: 1 }
$data merge entity $(bone_rightlegtop) { transformation: [-0.9772856734549882f,0.10255974757531067f,0.18545676217630566f,-0.11875f,0.048273282019796415f,0.9598257297593236f,-0.2764132028956272f,0.7109375f,-0.20635504041013256f,-0.26118205656068827f,-0.9429748303258482f,-1.4542680739874818e-17f,0f,0f,0f,1f], start_interpolation: 0, interpolation_duration: 1 }
$data merge entity $(bone_rightlegbottom) { transformation: [-0.9597326516721258f,-0.019334836994557944f,0.2802488205020386f,-0.1572099053407415f,0.08047599696953174f,0.9368909673047339f,0.34023363927536593f,0.35100285134025366f,-0.2691409504816202f,0.3490866360392414f,-0.8976088620956548f,0.09794327121025809f,0f,0f,0f,1f], start_interpolation: 0, interpolation_duration: 1 }