# This file was generated by Animated Java via MC-Build. It is not recommended to edit this file directly.
$data merge entity $(bone_head) { transformation: [-0.9961946980917455f,-0.019092100075615005f,0.08503890408865047f,-0.008705865016853612f,0f,0.9757120002391959f,0.219057281525238f,1.4620684161837953f,-0.0871557427476583f,0.218223702433833f,-0.9719991215027789f,0.09950849248341692f,0f,0f,0f,1f], start_interpolation: 0, interpolation_duration: 1 }
$data merge entity $(bone_leftarmtop) { transformation: [-0.921536166323475f,-0.37145641426261455f,0.11309830441254883f,0.3040559556396258f,-0.325647665826444f,0.897989717738035f,0.2959190169261734f,1.3381820134864961f,-0.2114821313955894f,0.23586987755948216f,-0.9484939161430892f,0.110159913344824f,0f,0f,0f,1f], start_interpolation: 0, interpolation_duration: 1 }
$data merge entity $(bone_leftarmbottom) { transformation: [-0.9339069576098453f,-0.22383642783463903f,0.27877418837143275f,0.425718064402888f,-0.2724415707631455f,0.9504838317108295f,-0.14951948427014272f,1.1238610736090637f,-0.2315024514946498f,-0.21558696442625622f,-0.9486458115236895f,0.05780126056106563f,0f,0f,0f,1f], start_interpolation: 0, interpolation_duration: 1 }
$data merge entity $(bone_rightarmtop) { transformation: [-0.8968938676818786f,0.17744365887886718f,0.43015924762359653f,-0.28264559604456163f,0.41398957402840014f,0.7307568328760695f,0.5617374155942416f,0.21571202214120566f,-0.21245202514497782f,0.674870387116218f,-0.7213570113911566f,-0.7969859345837145f,0f,0f,0f,1f], start_interpolation: 0, interpolation_duration: 1 }
$data merge entity $(bone_weapon) { transformation: [-1.0508223973456374f,0.2711650260376765f,0.2964233760868965f,-0.5357189758448022f,0.35332361420643144f,1.0188578848275156f,0.320493422972931f,0.8653783533004482f,-0.191205943633749f,0.3924578183433059f,-1.0368423930088606f,-0.5249335225283798f,0f,0f,0f,1f], start_interpolation: 0, interpolation_duration: 1 }
$data merge entity $(bone_rightarmhand) { transformation: [-0.9340643531961221f,0.2410355787001569f,0.26348744541057467f,-0.340288706594621f,0.31406543485016125f,0.9056514531800138f,0.28488304264260533f,0.04336212236799586f,-0.16996083878555465f,0.3488513940829386f,-0.9216376826745427f,-0.451895127184514f,0f,0f,0f,1f], start_interpolation: 0, interpolation_duration: 1 }
$data merge entity $(bone_weaponcase) { transformation: [-0.9340643531961221f,0.2410355787001569f,0.26348744541057467f,-0.3902083019681115f,0.31406543485016125f,0.9056514531800138f,0.28488304264260533f,1.1701800004252543f,-0.16996083878555465f,0.3488513940829386f,-0.9216376826745427f,-0.11786134717374253f,0f,0f,0f,1f], start_interpolation: 0, interpolation_duration: 1 }
$data merge entity $(bone_backpack) { transformation: [-1.037702810512235f,-0.012091479190074462f,0.08997842869515513f,0.008705865016853612f,0f,1.0323866891441604f,0.13873416494289859f,-0.02456841618379546f,-0.09078723202881074f,0.13820623956030129f,-1.0284581461059035f,-0.09950849248341692f,0f,0f,0f,1f], start_interpolation: 0, interpolation_duration: 1 }
$data merge entity $(bone_thorax) { transformation: [-1.0065717261968679f,-0.011728734814372225f,0.08727907583430045f,0.008705865016853612f,0f,1.0014150884698354f,0.1345721399946116f,-0.02456841618379546f,-0.0880636150679464f,0.13406005237349222f,-0.9976044017227262f,-0.09950849248341692f,0f,0f,0f,1f], start_interpolation: 0, interpolation_duration: 1 }
$data merge entity $(bone_leftlegtop) { transformation: [-0.9902143915731026f,-0.08432579391422498f,0.11119630930136919f,0.11875f,-0.12490073413342559f,0.8909386802326738f,-0.4366097510113497f,0.71875f,-0.06225162917098189f,-0.44622575961725597f,-0.8927526567418108f,1.4542680739874818e-17f,0f,0f,0f,1f], start_interpolation: 0, interpolation_duration: 1 }
$data merge entity $(bone_leftlegbottom) { transformation: [-0.9945245073542028f,-0.07831113898931097f,-0.06919804753081318f,0.15037217271783437f,-0.07209198304684943f,0.9934895568120298f,-0.0882113739027428f,0.38464799491274737f,0.07565547073578112f,-0.08273974870419615f,-0.9936953173544263f,0.16733465985647103f,0f,0f,0f,1f], start_interpolation: 0, interpolation_duration: 1 }
$data merge entity $(bone_rightlegtop) { transformation: [-0.9850616344349796f,0.08384488948433833f,0.15041147187513879f,-0.11875f,0.047527402485004255f,0.9719074672716584f,-0.23051468732950303f,0.71875f,-0.16551351116242743f,-0.21992250809989694f,-0.9613736880390142f,-1.4542680739874818e-17f,0f,0f,0f,1f], start_interpolation: 0, interpolation_duration: 1 }
$data merge entity $(bone_rightlegbottom) { transformation: [-0.9736524533971944f,0.00967772874793374f,0.22783160790352477f,-0.15019183355662685f,0.07577612260617686f,0.9560558000826506f,0.2832230329106314f,0.3542846997731281f,-0.2150787744906449f,0.2930249967060906f,-0.9315994160952432f,0.08247094053746133f,0f,0f,0f,1f], start_interpolation: 0, interpolation_duration: 1 }