# This file was generated by Animated Java via MC-Build. It is not recommended to edit this file directly.
$data merge entity $(bone_head) { transformation: [-0.9961946980917455f,-0.016339864925904224f,0.08561035164102061f,-0.006612189766919786f,0f,0.9822686255900305f,0.18747892463280333f,1.472715496380419f,-0.0871557427476583f,0.18676551072314063f,-0.9785307969146544f,0.07557767487167638f,0f,0f,0f,1f], start_interpolation: 0, interpolation_duration: 1 }
$data merge entity $(bone_leftarmtop) { transformation: [-0.9366416099211502f,-0.3343848628093961f,0.10435160798117807f,0.30580068501457064f,-0.3018469984543869f,0.9216225203629143f,0.24392687323045603f,1.348356663650349f,-0.17773824599222715f,0.19697383959259915f,-0.9641630683799062f,0.0902175653350402f,0f,0f,0f,1f], start_interpolation: 0, interpolation_duration: 1 }
$data merge entity $(bone_leftarmbottom) { transformation: [-0.9450960054626613f,-0.2238617242674943f,0.23807450276437847f,0.4186669510269556f,-0.2625096322555762f,0.9539591315571496f,-0.14508848435272473f,1.12738375226132f,-0.1946335876244485f,-0.19961939717049818f,-0.9603488235228506f,0.04652842562414752f,0f,0f,0f,1f], start_interpolation: 0, interpolation_duration: 1 }
$data merge entity $(bone_rightarmtop) { transformation: [-0.8957363718176521f,0.20732014763585882f,0.4190662821857329f,-0.32191552019384045f,0.4094700336549288f,0.7850078435470011f,0.48686632393922635f,0.15345835068280222f,-0.2256822634133176f,0.6014340215116784f,-0.7799272235450622f,-0.7129024330280403f,0f,0f,0f,1f], start_interpolation: 0, interpolation_duration: 1 }
$data merge entity $(bone_weapon) { transformation: [-1.071206704395843f,0.2408796985933375f,0.24519006354862768f,-0.5424992998648983f,0.3011324299948123f,1.04461089759514f,0.28936539570393544f,0.8396260698336399f,-0.16571196716838715f,0.34115985026239337f,-1.0591385653001806f,-0.5089296730676393f,0f,0f,0f,1f], start_interpolation: 0, interpolation_duration: 1 }
$data merge entity $(bone_rightarmhand) { transformation: [-0.9521837372407493f,0.21411528763852222f,0.21794672315433572f,-0.3093864335983999f,0.26767327110649985f,0.9285430200845689f,0.25721368507016484f,0.030168355976646133f,-0.1472995263718997f,0.30325320023323854f,-0.9414565024890493f,-0.410568693464817f,0f,0f,0f,1f], start_interpolation: 0, interpolation_duration: 1 }
$data merge entity $(bone_weaponcase) { transformation: [-0.9521837372407493f,0.21411528763852222f,0.21794672315433572f,-0.39581989468157f,0.26767327110649985f,0.9285430200845689f,0.25721368507016484f,1.1667919405146454f,-0.1472995263718997f,0.30325320023323854f,-0.9414565024890493f,-0.12004305539276415f,0f,0f,0f,1f], start_interpolation: 0, interpolation_duration: 1 }
$data merge entity $(bone_backpack) { transformation: [-1.037702810512235f,-0.009183596898499702f,0.0903215536151753f,0.006612189766919786f,0f,1.0363236060839152f,0.1053699573772085f,-0.019590496380418876f,-0.09078723202881074f,0.1049689928773283f,-1.032380081888115f,-0.07557767487167638f,0f,0f,0f,1f], start_interpolation: 0, interpolation_duration: 1 }
$data merge entity $(bone_thorax) { transformation: [-1.0065717261968679f,-0.008908088991544709f,0.08761190700672003f,0.006612189766919786f,0f,1.0052338979013975f,0.10220885865589223f,-0.019590496380418876f,-0.0880636150679464f,0.10181992309100844f,-1.0014086794314714f,-0.07557767487167638f,0f,0f,0f,1f], start_interpolation: 0, interpolation_duration: 1 }
$data merge entity $(bone_leftlegtop) { transformation: [-0.9907406969761671f,-0.08508619920428946f,0.10579796812863035f,0.11875f,-0.11727942286386647f,0.9289343170725965f,-0.3511788312777225f,0.7265625f,-0.06839889127681169f,-0.36033508470566206f,-0.930311893077943f,1.4542680739874818e-17f,0f,0f,0f,1f], start_interpolation: 0, interpolation_duration: 1 }
$data merge entity $(bone_leftlegbottom) { transformation: [-0.9952116601996716f,-0.08762335401174265f,-0.04331165240840236f,0.15065732470160853f,-0.08468527044984184f,0.9942484491434309f,-0.06556238513598739f,0.3782121310977763f,0.048807339319518264f,-0.061580591160001086f,-0.9969080571551894f,0.1351256567646233f,0f,0f,0f,1f], start_interpolation: 0, interpolation_duration: 1 }
$data merge entity $(bone_rightlegtop) { transformation: [-0.9911350868403617f,0.06848461308192379f,0.11384681552405378f,-0.11875f,0.046683618787391315f,0.9817847875389096f,-0.18417185098187938f,0.7265625f,-0.12438600954634031f,-0.17722440218039176f,-0.9762784602258417f,-1.4542680739874818e-17f,0f,0f,0f,1f], start_interpolation: 0, interpolation_duration: 1 }
$data merge entity $(bone_rightlegbottom) { transformation: [-0.9845113686632336f,0.03064139318847832f,0.17262233342275118f,-0.14443172990572142f,0.06968089965346291f,0.9718886517812717f,0.2248933541976417f,0.3583932046729089f,-0.16087864120612916f,0.2334385434375629f,-0.9589705465974534f,0.0664591508176469f,0f,0f,0f,1f], start_interpolation: 0, interpolation_duration: 1 }