# This file was generated by Animated Java via MC-Build. It is not recommended to edit this file directly.
$data merge entity $(bone_head) { transformation: [-0.9961946980917455f,-0.013486613412357698f,0.08610595073838746f,-0.004447998513754752f,-4.336808689942018e-19f,0.9879549875180307f,0.154741534948597f,1.4826366004483373f,-0.0871557427476583f,0.1541526966903709f,-0.9841955205187588f,0.05084085565482147f,0f,0f,0f,1f], start_interpolation: 0, interpolation_duration: 1 }
$data merge entity $(bone_leftarmtop) { transformation: [-0.9502194112503267f,-0.29709855293125453f,0.09389100238700866f,0.3076041777255415f,-0.2756679691704758f,0.9420674281490743f,0.19109194539282517f,1.3579263337069478f,-0.14522479559809454f,0.15569653389444293f,-0.9770713116639687f,0.06960354932099445f,0f,0f,0f,1f], start_interpolation: 0, interpolation_duration: 1 }
$data merge entity $(bone_leftarmbottom) { transformation: [-0.9553356563123975f,-0.2203626665214643f,0.1969113480267478f,0.41157317255992787f,-0.2499046156845714f,0.9580544336322012f,-0.14028323227395734f,1.1310241007062567f,-0.15773860287737995f,-0.18322662852662072f,-0.9703332086252948f,0.035217690709824175f,0f,0f,0f,1f], start_interpolation: 0, interpolation_duration: 1 }
$data merge entity $(bone_rightarmtop) { transformation: [-0.8945577819353382f,0.2366145169819151f,0.4058593172641484f,-0.36034104243285764f,0.40436835573359353f,0.8321600641296554f,0.4061252280107888f,0.10043995085001645f,-0.23915360741167074f,0.5219818371350868f,-0.8314339144158371f,-0.621229555664141f,0f,0f,0f,1f], start_interpolation: 0, interpolation_duration: 1 }
$data merge entity $(bone_weapon) { transformation: [-1.0879476352478183f,0.21560203389698315f,0.1884428452824998f,-0.5519642491387617f,0.2552896924696206f,1.0656497260698066f,0.2546425617333301f,0.8167243365112213f,-0.12970009975881483f,0.2890180345702158f,-1.079477401252904f,-0.49031907905681754f,0f,0f,0f,1f], start_interpolation: 0, interpolation_duration: 1 }
$data merge entity $(bone_rightarmhand) { transformation: [-0.9670645646647275f,0.1916462523528739f,0.16750475136222204f,-0.28440163191519985f,0.22692417108410717f,0.9472442009509392f,0.2263489437629601f,0.020882388034082933f,-0.11528897756339096f,0.2569049196179696f,-0.9595354677803591f,-0.37080288702163955f,0f,0f,0f,1f], start_interpolation: 0, interpolation_duration: 1 }
$data merge entity $(bone_weaponcase) { transformation: [-0.9670645646647275f,0.1916462523528739f,0.16750475136222204f,-0.40122804212171675f,0.22692417108410717f,0.9472442009509392f,0.2263489437629601f,1.1645372979140514f,-0.11528897756339096f,0.2569049196179696f,-0.9595354677803591f,-0.12141543848883941f,0f,0f,0f,1f], start_interpolation: 0, interpolation_duration: 1 }
$data merge entity $(bone_backpack) { transformation: [-1.037702810512235f,-0.006177775713548268f,0.09057679938420331f,0.004447998513754752f,-4.517509052022935e-19f,1.039252222844913f,0.0708820270333162f,-0.013886600448337338f,-0.09078723202881074f,0.07061229952058538f,-1.0352975543781637f,-0.05084085565482147f,0f,0f,0f,1f], start_interpolation: 0, interpolation_duration: 1 }
$data merge entity $(bone_thorax) { transformation: [-1.0065717261968679f,-0.0059924424421418186f,0.08785949540267719f,0.004447998513754752f,-4.381983780462246e-19f,1.0080746561595655f,0.0687555662223167f,-0.013886600448337338f,-0.0880636150679464f,0.0684939305349678f,-1.0042386277468185f,-0.05084085565482147f,0f,0f,0f,1f], start_interpolation: 0, interpolation_duration: 1 }
$data merge entity $(bone_leftlegtop) { transformation: [-0.9911707384981561f,-0.08565191650747507f,0.10121421018620118f,0.11875f,-0.10965320408761668f,0.9586692944413915f,-0.2625440129360486f,0.734375f,-0.07454355759111231f,-0.27132440563620713f,-0.9595969596282699f,1.4542680739874818e-17f,0f,0f,0f,1f], start_interpolation: 0, interpolation_duration: 1 }
$data merge entity $(bone_leftlegbottom) { transformation: [-0.9954931533650084f,-0.09352834116672706f,-0.015678998756047113f,0.15086946869030315f,-0.0927910106103722f,0.9947764664186316f,-0.04253951350881824f,0.3748740145844782f,0.019575749112041976f,-0.040892924305574424f,-0.9989717507459563f,0.10174665211357768f,0f,0f,0f,1f], start_interpolation: 0, interpolation_duration: 1 }
$data merge entity $(bone_rightlegtop) { transformation: [-0.9954953270364323f,0.05659707178171309f,0.07606461276022028f,-0.11875f,0.0457472965983241f,0.9894454696837154f,-0.13749489945564086f,0.734375f,-0.08304359519295643f,-0.13339577949885612f,-0.9875775044569013f,-1.4542680739874818e-17f,0f,0f,0f,1f], start_interpolation: 0, interpolation_duration: 1 }
$data merge entity $(bone_rightlegbottom) { transformation: [-0.9923302321993966f,0.04330133096193048f,0.11578300825257941f,-0.1399739019181424f,0.06224692956106864f,0.9842614120423554f,0.16539284302716378f,0.36333294886860673f,-0.10679901695854167f,0.17133145508433073f,-0.9794077304551843f,0.05002341731207103f,0f,0f,0f,1f], start_interpolation: 0, interpolation_duration: 1 }