# This file was generated by Animated Java via MC-Build. It is not recommended to edit this file directly.
$data merge entity $(bone_head) { transformation: [-0.9961946980917455f,-0.010561735529461871f,0.08651342807045445f,-0.002236052141977929f,2.168404344971009e-19f,0.992630265580278f,0.12118232484164841f,1.491748557449452f,-0.0871557427476583f,0.12072118950968179f,-0.9888530077364742f,0.025558192934509234f,0f,0f,0f,1f], start_interpolation: 0, interpolation_duration: 1 }
$data merge entity $(bone_leftarmtop) { transformation: [-0.9622149346013408f,-0.25972487836103675f,0.08176433935697291f,0.30944746636868886f,-0.2471619791982009f,0.959103092898726f,0.13795728770502091f,1.36682171454121f,-0.11425137053429885f,0.11253552662356227f,-0.9870574347922171f,0.04853466372073425f,0f,0f,0f,1f], start_interpolation: 0, interpolation_duration: 1 }
$data merge entity $(bone_leftarmbottom) { transformation: [-0.9645283776403976f,-0.21323210864155248f,0.15561836835881496f,0.40444790266523994f,-0.23455022408865928f,0.9627437608423606f,-0.13457579031559713f,1.1347697531664722f,-0.1211247336688191f,-0.16630249187364876f,-0.9786073165934703f,0.02397113739404052f,0f,0f,0f,1f], start_interpolation: 0, interpolation_duration: 1 }
$data merge entity $(bone_rightarmtop) { transformation: [-0.8933718217682305f,0.2651511622668691f,0.39054255785614317f,-0.3976979185590624f,0.3987062722606626f,0.8713724542753811f,0.32044530682767447f,0.057725300807496716f,-0.2527091941507014f,0.4374319916928853f,-0.8750618013106709f,-0.5230484701247979f,0f,0f,0f,1f], start_interpolation: 0, interpolation_duration: 1 }
$data merge entity $(bone_weapon) { transformation: [-1.1005465837936141f,0.19584592166618583f,0.12675406055400137f,-0.5641210882035608f,0.2175663159277976f,1.0822483236944405f,0.2168604713500808f,0.7969934498387877f,-0.08418500504134352f,0.23665996878917994f,-1.0965992632219361f,-0.4691787743982329f,0f,0f,0f,1f], start_interpolation: 0, interpolation_duration: 1 }
$data merge entity $(bone_rightarmhand) { transformation: [-0.9782636300387682f,0.1740852637032763f,0.11267027604800123f,-0.26597648640488303f,0.19339228082470897f,0.9619985099506136f,0.19276486342229404f,0.014828607861449461f,-0.07483111559230535f,0.21036441670149328f,-0.9747549006417211f,-0.3329207924563551f,0f,0f,0f,1f], start_interpolation: 0, interpolation_duration: 1 }
$data merge entity $(bone_weaponcase) { transformation: [-0.9782636300387682f,0.1740852637032763f,0.11267027604800123f,-0.40640868756452375f,0.19339228082470897f,0.9619985099506136f,0.19276486342229404f,1.1635555280893837f,-0.07483111559230535f,0.21036441670149328f,-0.9747549006417211f,-0.12198401965203007f,0f,0f,0f,1f], start_interpolation: 0, interpolation_duration: 1 }
$data merge entity $(bone_backpack) { transformation: [-1.037702810512235f,-0.0031056279749693463f,0.09073409818989885f,0.002236052141977929f,2.2587545260114677e-19f,1.04105702423535f,0.0356330848325286f,-0.007373557449452006f,-0.09078723202881074f,0.03549749018681839f,-1.0370954879544256f,-0.025558192934509234f,0f,0f,0f,1f], start_interpolation: 0, interpolation_duration: 1 }
$data merge entity $(bone_thorax) { transformation: [-1.0065717261968679f,-0.003012459135720265f,0.08801207524420186f,0.002236052141977929f,2.190991890231123e-19f,1.0098253135082893f,0.03456409228755273f,-0.007373557449452006f,-0.0880636150679464f,0.034432565481213824f,-1.0059826233157927f,-0.025558192934509234f,0f,0f,0f,1f], start_interpolation: 0, interpolation_duration: 1 }
$data merge entity $(bone_leftlegtop) { transformation: [-0.9915044599766869f,-0.08618069528385018f,0.09742583644357733f,0.11875f,-0.10202339385212846f,0.979885618561164f,-0.1715091882200441f,0.7421875f,-0.08068539491898144f,-0.17999183953001088f,-0.9803534080878032f,1.4542680739874818e-17f,0f,0f,0f,1f], start_interpolation: 0, interpolation_duration: 1 }
$data merge entity $(bone_leftlegbottom) { transformation: [-0.9953008249529837f,-0.0959164619881368f,0.013277807333603384f,0.15106776073144382f,-0.09616271922290585f,0.9951775249362982f,-0.01935007217868026f,0.3747303930395635f,-0.011357784976242374f,-0.020535972860857343f,-0.9997245993467859f,0.0674969398237541f,0f,0f,0f,1f], start_interpolation: 0, interpolation_duration: 1 }
$data merge entity $(bone_rightlegtop) { transformation: [-0.9981346217031699f,0.04827356515439233f,0.037375658720007934f,-0.11875f,0.04472398245399296f,0.9948831746713671f,-0.09059378648272114f,0.7421875f,-0.0415576990571518f,-0.08875320649478856f,-0.9951863272704106f,-1.4542680739874818e-17f,0f,0f,0f,1f], start_interpolation: 0, interpolation_duration: 1 }
$data merge entity $(bone_rightlegbottom) { transformation: [-0.9971534772057313f,0.04758064845255816f,0.05848952717669269f,-0.13685258693289712f,0.053536944593368795f,0.9930417046247842f,0.10489026856438712f,0.3691063094982373f,-0.053091792775584026f,0.10772304659977258f,-0.9927623113168317f,0.033282452435545694f,0f,0f,0f,1f], start_interpolation: 0, interpolation_duration: 1 }