# This file was generated by Animated Java via MC-Build. It is not recommended to edit this file directly.
$data merge entity $(bone_head) { transformation: [-0.9961946980917455f,-0.036302982527623685f,0.07923520021742256f,-0.021944276994170342f,-1.734723475976807e-18f,0.909121966257943f,0.4165300114845166f,1.429130348924397f,-0.08715574274765829f,0.4149449890369694f,-0.9056624827049056f,0.25082423378964913f,0f,0f,0f,1f], start_interpolation: 0, interpolation_duration: 1 }
$data merge entity $(bone_leftarmtop) { transformation: [-0.8824656825387999f,-0.4549849891130371f,0.11934395176605994f,0.2930239456585285f,-0.33218300229918357f,0.7824453988514697f,0.5267197080038538f,1.3113846657703307f,-0.3330296865518608f,0.42516803442635953f,-0.8416194926314357f,0.23625636443335085f,0f,0f,0f,1f], start_interpolation: 0, interpolation_duration: 1 }
$data merge entity $(bone_leftarmbottom) { transformation: [-0.9056246716233745f,-0.2261792970594429f,0.3587295356236387f,0.43434724551612525f,-0.2487262094363144f,0.9684188091357011f,-0.01732867137529226f,1.1261540348793129f,-0.3434810429798095f,-0.10491870993243524f,-0.9332806852279841f,0.1403715335315066f,0f,0f,0f,1f], start_interpolation: 0, interpolation_duration: 1 }
$data merge entity $(bone_rightarmtop) { transformation: [-0.9046248712331622f,0.10955455667312348f,0.4365701338116451f,-0.19890140398754888f,0.4326641713098322f,0.4818274687273258f,0.775619652614844f,0.5218882635919598f,-0.12408625020097347f,0.8813523300983273f,-0.47829124288354696f,-0.9792048414535234f,0f,0f,0f,1f], start_interpolation: 0, interpolation_duration: 1 }
$data merge entity $(bone_weapon) { transformation: [-1.0072111968369228f,0.3326419289250464f,0.37483323236788607f,-0.5332899253854945f,0.4817291804274421f,0.874607919747278f,0.5182885137064526f,1.015288360440385f,-0.13815788682170244f,0.6245280889090283f,-0.9254739674742873f,-0.510759184008799f,0f,0f,0f,1f], start_interpolation: 0, interpolation_duration: 1 }
$data merge entity $(bone_rightarmhand) { transformation: [-0.8952988416328204f,0.2956817146000412f,0.33318509543812097f,-0.4095650636270557f,0.4282037159355041f,0.7774292619975804f,0.46070090107240225f,0.1837480409843848f,-0.12280701050817995f,0.5551360790302474f,-0.822643526643811f,-0.6224334288097747f,0f,0f,0f,1f], start_interpolation: 0, interpolation_duration: 1 }
$data merge entity $(bone_weaponcase) { transformation: [-0.8952988416328204f,0.2956817146000412f,0.33318509543812097f,-0.3846821115132913f,0.4282037159355041f,0.7774292619975804f,0.46070090107240225f,1.2055509880844923f,-0.12280701050817995f,0.5551360790302474f,-0.822643526643811f,-0.0401202497629333f,0f,0f,0f,1f], start_interpolation: 0, interpolation_duration: 1 }
$data merge entity $(bone_backpack) { transformation: [-1.037702810512235f,-0.030478162491903254f,0.08551843725519227f,0.021944276994170342f,-1.807003620809174e-18f,0.9812140262838847f,0.34969769668702805f,0.016182151075603057f,-0.09078723202881073f,0.3483669913745127f,-0.9774802106772605f,-0.25082423378964913f,0f,0f,0f,1f], start_interpolation: 0, interpolation_duration: 1 }
$data merge entity $(bone_thorax) { transformation: [-1.0065717261968679f,-0.02956381761714615f,0.08295288413753649f,0.021944276994170342f,-1.7527935121848986e-18f,0.9517776054953679f,0.3392067657864171f,0.016182151075603057f,-0.08806361506794638f,0.3379159816332773f,-0.9481558043569426f,-0.25082423378964913f,0f,0f,0f,1f], start_interpolation: 0, interpolation_duration: 1 }
$data merge entity $(bone_leftlegtop) { transformation: [-0.9888733044751618f,-0.0815763724576583f,0.12439808339770937f,0.11875f,-0.14012337469740993f,0.7915775823327961f,-0.5947859875716429f,0.72265625f,-0.04995025084805185f,-0.60559906423707f,-0.7942006961942314f,1.4542680739874818e-17f,0f,0f,0f,1f], start_interpolation: 0, interpolation_duration: 1 }
$data merge entity $(bone_leftlegbottom) { transformation: [-0.9922014928691529f,-0.050101437813299635f,-0.11413169357047365f,0.14934113967162185f,-0.03486651785246288f,0.990666840105388f,-0.13177077767262907f,0.42581465662520146f,0.11966838964851292f,-0.12676378759190515f,-0.9846879803644839f,0.22709964908890126f,0f,0f,0f,1f], start_interpolation: 0, interpolation_duration: 1 }
$data merge entity $(bone_rightlegtop) { transformation: [-0.9678208589378423f,0.1244850518904904f,0.2186921508894159f,-0.11875f,0.048916088625667924f,0.945557750672736f,-0.32175729427051364f,0.72265625f,-0.24684003175818736f,-0.30070585627576f,-0.9212198362622676f,-1.4542680739874818e-17f,0f,0f,0f,1f], start_interpolation: 0, interpolation_duration: 1 }
$data merge entity $(bone_rightlegbottom) { transformation: [-0.9427554027276568f,-0.05596622566641045f,0.32875527708687785f,-0.1654318944589339f,0.08373044798405521f,0.9145144050313536f,0.3957936521352241f,0.368072093497724f,-0.32280251347875655f,0.40066343054339987f,-0.8574773190685521f,0.11276469610340999f,0f,0f,0f,1f], start_interpolation: 0, interpolation_duration: 1 }