# This file was generated by Animated Java via MC-Build. It is not recommended to edit this file directly.
$data merge entity $(bone_head) { transformation: [-0.9961946980917455f,-0.03564222192228341f,0.07953461831390587f,-0.021431020330416113f,0f,0.9125574036375568f,0.40894863377480706f,1.4204593643477899f,-0.0871557427476583f,0.40739246075832575f,-0.9090848472081031f,0.2449576832781975f,0f,0f,0f,1f], start_interpolation: 0, interpolation_duration: 1 }
$data merge entity $(bone_leftarmtop) { transformation: [-0.8827074269976727f,-0.45441598239974934f,0.11972348668001273f,0.29345165954499036f,-0.3342927075961591f,0.7862737144717479f,0.5196364417348239f,1.3023684807064915f,-0.3302665347430426f,0.41866425793285833f,-0.84595759654864f,0.23136757234047448f,0f,0f,0f,1f], start_interpolation: 0, interpolation_duration: 1 }
$data merge entity $(bone_leftarmbottom) { transformation: [-0.9058058994768765f,-0.22547703439053507f,0.3587140636152093f,0.43464026223860497f,-0.2509086648383816f,0.9676793871821507f,-0.02532677499797209f,1.1162466992009346f,-0.3414095991355656f,-0.11294560896832889f,-0.9331038393624075f,0.13702233706797998f,0f,0f,0f,1f], start_interpolation: 0, interpolation_duration: 1 }
$data merge entity $(bone_rightarmtop) { transformation: [-0.9043111394328984f,0.10990670999910461f,0.4371312371273909f,-0.19904993951384392f,0.4322765403512614f,0.48903920188713107f,0.7713102436486368f,0.5031780594730981f,-0.12767222108702755f,0.8773271991637716f,-0.48470468312977405f,-0.9775070726191525f,0f,0f,0f,1f], start_interpolation: 0, interpolation_duration: 1 }
$data merge entity $(bone_weapon) { transformation: [-1.0068618872036397f,0.33327818530901876f,0.3752063316281493f,-0.5330790375004107f,0.48129759131893024f,0.8795147069335743f,0.5103249052105381f,1.0006878447733694f,-0.14215051419998948f,0.6172556451622586f,-0.9297385115332173f,-0.513169643565325f,0f,0f,0f,1f], start_interpolation: 0, interpolation_duration: 1 }
$data merge entity $(bone_rightarmhand) { transformation: [-0.894988344181013f,0.2962472758302389f,0.3335167392250216f,-0.40995776729808636f,0.42782008117238246f,0.7817908506076215f,0.4536221379649228f,0.1681606082489071f,-0.12635601262221285f,0.5486716845886743f,-0.826434232473971f,-0.6179448053104076f,0f,0f,0f,1f], start_interpolation: 0, interpolation_duration: 1 }
$data merge entity $(bone_weaponcase) { transformation: [-0.894988344181013f,0.2962472758302389f,0.3335167392250216f,-0.38433182530129084f,0.42782008117238246f,0.7817908506076215f,0.4536221379649228f,1.1947384680854878f,-0.12635601262221285f,0.5486716845886743f,-0.826434232473971f,-0.044124039487034694f,0f,0f,0f,1f], start_interpolation: 0, interpolation_duration: 1 }
$data merge entity $(bone_backpack) { transformation: [-1.037702810512235f,-0.02976530601446683f,0.08576915562903871f,0.021431020330416113f,0f,0.9840906970108192f,0.34151858587960415f,0.0033687606522101454f,-0.09078723202881074f,0.3402190045530521f,-0.9803459348035884f,-0.2449576832781975f,0f,0f,0f,1f], start_interpolation: 0, interpolation_duration: 1 }
$data merge entity $(bone_thorax) { transformation: [-1.0065717261968679f,-0.02887234683403282f,0.08319608096016752f,0.021431020330416113f,0f,0.9545679761004945f,0.3312730283032159f,0.0033687606522101454f,-0.0880636150679464f,0.3300124344164605f,-0.9509355567594806f,-0.2449576832781975f,0f,0f,0f,1f], start_interpolation: 0, interpolation_duration: 1 }
$data merge entity $(bone_leftlegtop) { transformation: [-0.9888733044751618f,-0.0815763724576583f,0.12439808339770937f,0.11875f,-0.14012337469740993f,0.7915775823327961f,-0.5947859875716429f,0.7119140625f,-0.04995025084805185f,-0.60559906423707f,-0.7942006961942314f,1.4542680739874818e-17f,0f,0f,0f,1f], start_interpolation: 0, interpolation_duration: 1 }
$data merge entity $(bone_leftlegbottom) { transformation: [-0.9922014928691529f,-0.050101437813299635f,-0.11413169357047365f,0.14934113967162185f,-0.03486651785246288f,0.990666840105388f,-0.13177077767262907f,0.41507246912520146f,0.11966838964851292f,-0.12676378759190515f,-0.9846879803644839f,0.22709964908890126f,0f,0f,0f,1f], start_interpolation: 0, interpolation_duration: 1 }
$data merge entity $(bone_rightlegtop) { transformation: [-0.9678208589378423f,0.1244850518904904f,0.2186921508894159f,-0.11875f,0.048916088625667924f,0.945557750672736f,-0.32175729427051364f,0.7119140625f,-0.24684003175818736f,-0.30070585627576f,-0.9212198362622676f,-1.4542680739874818e-17f,0f,0f,0f,1f], start_interpolation: 0, interpolation_duration: 1 }
$data merge entity $(bone_rightlegbottom) { transformation: [-0.9427554027276568f,-0.05596622566641045f,0.32875527708687785f,-0.1654318944589339f,0.08373044798405521f,0.9145144050313536f,0.3957936521352241f,0.357329905997724f,-0.32280251347875655f,0.40066343054339987f,-0.8574773190685521f,0.11276469610340999f,0f,0f,0f,1f], start_interpolation: 0, interpolation_duration: 1 }