# This file was generated by Animated Java via MC-Build. It is not recommended to edit this file directly.
$data merge entity $(bone_head) { transformation: [-0.9961946980917455f,-0.034722007791050793f,0.07994063840659643f,-0.020716945764372153f,0f,0.9172159617530685f,0.3983903607084308f,1.4144607644209342f,-0.0871557427476583f,0.3968743651085969f,-0.9137256781035281f,0.23679577364024346f,0f,0f,0f,1f], start_interpolation: 0, interpolation_duration: 1 }
$data merge entity $(bone_leftarmtop) { transformation: [-0.8830451180901395f,-0.45362250609294275f,0.1202411800637774f,0.2940467216833603f,-0.3371794484528861f,0.7914914632032253f,0.5097561016971008f,1.2959048036841119f,-0.3264067078939696f,0.40959478224505697f,-0.8518748590018637f,0.22456598097551275f,0f,0f,0f,1f], start_interpolation: 0, interpolation_duration: 1 }
$data merge entity $(bone_leftarmbottom) { transformation: [-0.9060597765087868f,-0.22450429149874124f,0.3586830139433643f,0.43504750814691284f,-0.2539058292095613f,0.9665432837881316f,-0.036413053393808736f,1.1085687956474581f,-0.3385077713823608f,-0.12406411109867133f,-0.9327489399892361f,0.13236749503593506f,0f,0f,0f,1f], start_interpolation: 0, interpolation_duration: 1 }
$data merge entity $(bone_rightarmtop) { transformation: [-0.9038766409189987f,0.11040359728163934f,0.4379039894612044f,-0.19926543486734585f,0.4316895530301799f,0.4989820469992843f,0.7652469450149963f,0.4833654552839992f,-0.13263856182637296f,0.8716477515358226f,-0.4935372827223429f,-0.9750439494576234f,0f,0f,0f,1f], start_interpolation: 0, interpolation_duration: 1 }
$data merge entity $(bone_weapon) { transformation: [-1.0063781156623905f,0.33416619217362536f,0.37571404594983665f,-0.5327912891294504f,0.480644038425355f,0.8862170439631516f,0.4992250587814868f,0.9865162032962388f,-0.14768004821905445f,0.6071056802545935f,-0.9355417127849646f,-0.5164586224954352f,0f,0f,0f,1f], start_interpolation: 0, interpolation_duration: 1 }
$data merge entity $(bone_rightarmhand) { transformation: [-0.894558325033236f,0.2970366152654448f,0.33396804084429926f,-0.41050803419131093f,0.42723914526698226f,0.7877484835228015f,0.44375560780576606f,0.1527160512788137f,-0.13127115397249284f,0.5396494935596388f,-0.8315926335866352f,-0.6116552259403729f,0f,0f,0f,1f], start_interpolation: 0, interpolation_duration: 1 }
$data merge entity $(bone_weaponcase) { transformation: [-0.894558325033236f,0.2970366152654448f,0.33396804084429926f,-0.38384626624786045f,0.42723914526698226f,0.7877484835228015f,0.44375560780576606f,1.1857965514274904f,-0.13127115397249284f,0.5396494935596388f,-0.8315926335866352f,-0.04967400486382384f,0f,0f,0f,1f], start_interpolation: 0, interpolation_duration: 1 }
$data merge entity $(bone_backpack) { transformation: [-1.037702810512235f,-0.028773535783850213f,0.08610694012649973f,0.020716945764372153f,0f,0.9879663394735198f,0.33013929864791725f,-0.008210764420934158f,-0.09078723202881074f,0.32888301894478256f,-0.98420682927663f,-0.23679577364024346f,0f,0f,0f,1f], start_interpolation: 0, interpolation_duration: 1 }
$data merge entity $(bone_thorax) { transformation: [-1.0065717261968679f,-0.027910329710334702f,0.08352373192270472f,0.020716945764372153f,0f,0.9583273492893138f,0.3202351196884797f,-0.008210764420934158f,-0.0880636150679464f,0.319016528376439f,-0.9546806243983308f,-0.23679577364024346f,0f,0f,0f,1f], start_interpolation: 0, interpolation_duration: 1 }
$data merge entity $(bone_leftlegtop) { transformation: [-0.9888733044751618f,-0.0815763724576583f,0.12439808339770937f,0.11875f,-0.14012337469740993f,0.7915775823327961f,-0.5947859875716429f,0.703125f,-0.04995025084805185f,-0.60559906423707f,-0.7942006961942314f,1.4542680739874818e-17f,0f,0f,0f,1f], start_interpolation: 0, interpolation_duration: 1 }
$data merge entity $(bone_leftlegbottom) { transformation: [-0.9922014928691529f,-0.050101437813299635f,-0.11413169357047365f,0.14934113967162185f,-0.03486651785246288f,0.990666840105388f,-0.13177077767262907f,0.40628340662520146f,0.11966838964851292f,-0.12676378759190515f,-0.9846879803644839f,0.22709964908890126f,0f,0f,0f,1f], start_interpolation: 0, interpolation_duration: 1 }
$data merge entity $(bone_rightlegtop) { transformation: [-0.9678208589378423f,0.1244850518904904f,0.2186921508894159f,-0.11875f,0.048916088625667924f,0.945557750672736f,-0.32175729427051364f,0.703125f,-0.24684003175818736f,-0.30070585627576f,-0.9212198362622676f,-1.4542680739874818e-17f,0f,0f,0f,1f], start_interpolation: 0, interpolation_duration: 1 }
$data merge entity $(bone_rightlegbottom) { transformation: [-0.9427554027276568f,-0.05596622566641045f,0.32875527708687785f,-0.1654318944589339f,0.08373044798405521f,0.9145144050313536f,0.3957936521352241f,0.348540843497724f,-0.32280251347875655f,0.40066343054339987f,-0.8574773190685521f,0.11276469610340999f,0f,0f,0f,1f], start_interpolation: 0, interpolation_duration: 1 }