# This file was generated by Animated Java via MC-Build. It is not recommended to edit this file directly.
$data merge entity $(bone_head) { transformation: [-0.9961946980917455f,-0.033547499124869526f,0.08044059172061623f,-0.019806735932970797f,0f,0.9229522827143539f,0.3849143850681128f,1.411029814817437f,-0.0871557427476583f,0.38344966962409843f,-0.9194401706317131f,0.22639202766083832f,0f,0f,0f,1f], start_interpolation: 0, interpolation_duration: 1 }
$data merge entity $(bone_leftarmtop) { transformation: [-0.8834778325113215f,-0.45260801931262307f,0.12088382983261886f,0.2948052298761948f,-0.3407783731536728f,0.7979615662460702f,0.49711913982953293f,1.291906356097864f,-0.3214607594276998f,0.39799914528554303f,-0.8592203794720791f,0.21589619265934185f,0f,0f,0f,1f], start_interpolation: 0, interpolation_duration: 1 }
$data merge entity $(bone_leftarmbottom) { transformation: [-0.9063862898664292f,-0.22327151520720168f,0.3586275561627269f,0.4355659169703293f,-0.2576608619767282f,0.9649160996485316f,-0.05047574511064107f,1.1030652886973988f,-0.33477570662695794f,-0.13815480858857315f,-0.9321150546559558f,0.12644205507007172f,0f,0f,0f,1f], start_interpolation: 0, interpolation_duration: 1 }
$data merge entity $(bone_rightarmtop) { transformation: [-0.903326107527792f,0.11104855226059518f,0.4388758398195229f,-0.1995548654266596f,0.4308618211640489f,0.5115048958041943f,0.7574052237140412f,0.46258160474657406f,-0.13893118728228307f,0.8642758823934309f,-0.5046455831483806f,-0.97173574302665f,0f,0f,0f,1f], start_interpolation: 0, interpolation_duration: 1 }
$data merge entity $(bone_weapon) { transformation: [-1.0057651506495005f,0.33530278930470714f,0.376342266060392f,-0.5324339283973166f,0.47972244005894116f,0.8945530836594464f,0.4850424321843102f,0.9727948527527659f,-0.15468627037615024f,0.5941143155991603f,-0.9427223015062589f,-0.5205432743546772f,0f,0f,0f,1f], start_interpolation: 0, interpolation_duration: 1 }
$data merge entity $(bone_rightarmhand) { transformation: [-0.8940134672440004f,0.29804692382640635f,0.3345264587203485f,-0.41121596767833285f,0.4264199467190588f,0.7951582965861745f,0.43114882860827575f,0.1375391267247874f,-0.13749890700102244f,0.5281016138659202f,-0.8379753791166746f,-0.6035635091568353f,0f,0f,0f,1f], start_interpolation: 0, interpolation_duration: 1 }
$data merge entity $(bone_weaponcase) { transformation: [-0.8940134672440004f,0.29804692382640635f,0.3345264587203485f,-0.3832303077387509f,0.4264199467190588f,0.7951582965861745f,0.43114882860827575f,1.1786740670689102f,-0.13749890700102244f,0.5281016138659202f,-0.8379753791166746f,-0.05671444283927651f,0f,0f,0f,1f], start_interpolation: 0, interpolation_duration: 1 }
$data merge entity $(bone_backpack) { transformation: [-1.037702810512235f,-0.02750935546245944f,0.08651911269478652f,0.019806735932970797f,0f,0.9926954893297737f,0.31563445614946084f,-0.018451689817436945f,-0.09078723202881074f,0.31443337175116437f,-0.9889179832899114f,-0.22639202766083832f,0f,0f,0f,1f], start_interpolation: 0, interpolation_duration: 1 }
$data merge entity $(bone_thorax) { transformation: [-1.0065717261968679f,-0.02668407479858565f,0.0839235393139429f,0.019806735932970797f,0f,0.9629146246498803f,0.3061654224649769f,-0.018451689817436945f,-0.0880636150679464f,0.3050003705986294f,-0.9592504437912138f,-0.22639202766083832f,0f,0f,0f,1f], start_interpolation: 0, interpolation_duration: 1 }
$data merge entity $(bone_leftlegtop) { transformation: [-0.9888733044751618f,-0.0815763724576583f,0.12439808339770937f,0.11875f,-0.14012337469740993f,0.7915775823327961f,-0.5947859875716429f,0.6962890625f,-0.04995025084805185f,-0.60559906423707f,-0.7942006961942314f,1.4542680739874818e-17f,0f,0f,0f,1f], start_interpolation: 0, interpolation_duration: 1 }
$data merge entity $(bone_leftlegbottom) { transformation: [-0.9922014928691529f,-0.050101437813299635f,-0.11413169357047365f,0.14934113967162185f,-0.03486651785246288f,0.990666840105388f,-0.13177077767262907f,0.39944746912520146f,0.11966838964851292f,-0.12676378759190515f,-0.9846879803644839f,0.22709964908890126f,0f,0f,0f,1f], start_interpolation: 0, interpolation_duration: 1 }
$data merge entity $(bone_rightlegtop) { transformation: [-0.9678208589378423f,0.1244850518904904f,0.2186921508894159f,-0.11875f,0.048916088625667924f,0.945557750672736f,-0.32175729427051364f,0.6962890625f,-0.24684003175818736f,-0.30070585627576f,-0.9212198362622676f,-1.4542680739874818e-17f,0f,0f,0f,1f], start_interpolation: 0, interpolation_duration: 1 }
$data merge entity $(bone_rightlegbottom) { transformation: [-0.9427554027276568f,-0.05596622566641045f,0.32875527708687785f,-0.1654318944589339f,0.08373044798405521f,0.9145144050313536f,0.3957936521352241f,0.341704905997724f,-0.32280251347875655f,0.40066343054339987f,-0.8574773190685521f,0.11276469610340999f,0f,0f,0f,1f], start_interpolation: 0, interpolation_duration: 1 }