# This file was generated by Animated Java via MC-Build. It is not recommended to edit this file directly.
$data merge entity $(bone_head) { transformation: [-0.9961946980917455f,-0.03212573503782979f,0.0810188906501141f,-0.018706668994338198f,-1.734723475976807e-18f,0.9295875188016904f,0.3686014716304273f,1.4100381695102508f,-0.0871557427476583f,0.3671988317470466f,-0.926050157642505f,0.21381820501572923f,0f,0f,0f,1f], start_interpolation: 0, interpolation_duration: 1 }
$data merge entity $(bone_leftarmtop) { transformation: [-0.8840041519910465f,-0.45137740346520805f,0.12163510555591057f,0.2957219523250553f,-0.345008947957989f,0.8055146071177846f,0.48178319143449033f,1.2902661829252091f,-0.3154449002464811f,0.383933141784983f,-0.8678075002830983f,0.2054180071217509f,0f,0f,0f,1f], start_interpolation: 0, interpolation_duration: 1 }
$data merge entity $(bone_leftarmbottom) { transformation: [-0.9067851915453794f,-0.22179214363090471f,0.3585371130268356f,0.43619143294107754f,-0.26210274992136995f,0.9626854984673524f,-0.06737046477738556f,1.0996690607694501f,-0.3302162395728981f,-0.15506410308086538f,-0.9310812848822927f,0.11929237480820769f,0f,0f,0f,1f], start_interpolation: 0, interpolation_duration: 1 }
$data merge entity $(bone_rightarmtop) { transformation: [-0.9026656203978284f,0.11184512369918687f,0.44003100610558643f,-0.19992641147051052f,0.4297441737405683f,0.5264171534258566f,0.7477611690859801f,0.4409941265908778f,-0.1464805897230666f,0.8551710291874423f,-0.5178491942164736f,-0.9674889523125498f,0f,0f,0f,1f], start_interpolation: 0, interpolation_duration: 1 }
$data merge entity $(bone_weapon) { transformation: [-1.0050297629171698f,0.3366833676966279f,0.37707358110468914f,-0.5320159241648488f,0.4784780491132101f,0.9043223018281636f,0.4678513983446323f,0.9595544462333703f,-0.16309179061949686f,0.5783342323714451f,-0.9510812707123707f,-0.5253210845945612f,0f,0f,0f,1f], start_interpolation: 0, interpolation_duration: 1 }
$data merge entity $(bone_rightarmhand) { transformation: [-0.8933597892597066f,0.29927410461922477f,0.33517651653750147f,-0.41208118783196124f,0.42531382143396457f,0.8038420460694788f,0.41586790963967313f,0.12278576878325564f,-0.14497048055066386f,0.5140748732190623f,-0.8454055739665517f,-0.5936739975474612f,0f,0f,0f,1f], start_interpolation: 0, interpolation_duration: 1 }
$data merge entity $(bone_weaponcase) { transformation: [-0.8933597892597066f,0.29927410461922477f,0.33517651653750147f,-0.3824902476933575f,0.42531382143396457f,0.8038420460694788f,0.41586790963967313f,1.1733096967293446f,-0.14497048055066386f,0.5140748732190623f,-0.8454055739665517f,-0.06517336786530686f,0f,0f,0f,1f], start_interpolation: 0, interpolation_duration: 1 }
$data merge entity $(bone_backpack) { transformation: [-1.037702810512235f,-0.025981484714358613f,0.08699013709318239f,0.018706668994338198f,-1.807003620809174e-18f,0.998099888208682f,0.2981041053093048f,-0.02722566951025096f,-0.09078723202881074f,0.29696972918851283f,-0.9943018167994528f,-0.21381820501572923f,0f,0f,0f,1f], start_interpolation: 0, interpolation_duration: 1 }
$data merge entity $(bone_thorax) { transformation: [-1.0065717261968679f,-0.025202040172927848f,0.08438043298038689f,0.018706668994338198f,-1.7527935121848986e-18f,0.9681568915624214f,0.2891609821500256f,-0.02722566951025096f,-0.0880636150679464f,0.28806063731285736f,-0.9644727622954691f,-0.21381820501572923f,0f,0f,0f,1f], start_interpolation: 0, interpolation_duration: 1 }
$data merge entity $(bone_leftlegtop) { transformation: [-0.9888733044751618f,-0.0815763724576583f,0.12439808339770937f,0.11875f,-0.14012337469740993f,0.7915775823327961f,-0.5947859875716429f,0.69140625f,-0.04995025084805185f,-0.60559906423707f,-0.7942006961942314f,1.4542680739874818e-17f,0f,0f,0f,1f], start_interpolation: 0, interpolation_duration: 1 }
$data merge entity $(bone_leftlegbottom) { transformation: [-0.9922014928691529f,-0.050101437813299635f,-0.11413169357047365f,0.14934113967162185f,-0.03486651785246288f,0.990666840105388f,-0.13177077767262907f,0.39456465662520146f,0.11966838964851292f,-0.12676378759190515f,-0.9846879803644839f,0.22709964908890126f,0f,0f,0f,1f], start_interpolation: 0, interpolation_duration: 1 }
$data merge entity $(bone_rightlegtop) { transformation: [-0.9678208589378423f,0.1244850518904904f,0.2186921508894159f,-0.11875f,0.048916088625667924f,0.945557750672736f,-0.32175729427051364f,0.69140625f,-0.24684003175818736f,-0.30070585627576f,-0.9212198362622676f,-1.4542680739874818e-17f,0f,0f,0f,1f], start_interpolation: 0, interpolation_duration: 1 }
$data merge entity $(bone_rightlegbottom) { transformation: [-0.9427554027276568f,-0.05596622566641045f,0.32875527708687785f,-0.1654318944589339f,0.08373044798405521f,0.9145144050313536f,0.3957936521352241f,0.336822093497724f,-0.32280251347875655f,0.40066343054339987f,-0.8574773190685521f,0.11276469610340999f,0f,0f,0f,1f], start_interpolation: 0, interpolation_duration: 1 }