# This file was generated by Animated Java via MC-Build. It is not recommended to edit this file directly.
$data merge entity $(bone_head) { transformation: [-0.9961946980917455f,-0.030465882026103463f,0.0816575380860061f,-0.01742477007319637f,0f,0.9369151763461976f,0.34955679414391805f,1.4113384224479086f,-0.0871557427476583f,0.34822662500811885f,-0.9333499312377748f,0.19916603330022487f,0f,0f,0f,1f], start_interpolation: 0, interpolation_duration: 1 }
$data merge entity $(bone_leftarmtop) { transformation: [-0.8846220148421772f,-0.44993723432085f,0.12247602225852736f,0.2967902014260068f,-0.34977707750328724f,0.8139538460661929f,0.4638266190370186f,1.290861445789924f,-0.30838269554212366f,0.36747193314014703f,-0.8774192221762737f,0.19320786402549728f,0f,0f,0f,1f], start_interpolation: 0, interpolation_duration: 1 }
$data merge entity $(bone_leftarmbottom) { transformation: [-0.907255846241752f,-0.22008257041254228f,0.3583999046606606f,0.4369189479700374f,-0.26714788435631526f,0.9597275086382955f,-0.08692017629339638f,1.0983035179453533f,-0.3248366317768165f,-0.17460461438214825f,-0.9295129860805357f,0.11097683997615189f,0f,0f,0f,1f], start_interpolation: 0, interpolation_duration: 1 }
$data merge entity $(bone_rightarmtop) { transformation: [-0.9019025900962903f,0.1127965777240865f,0.4413507565521041f,-0.20038891330082598f,0.4282824733414464f,0.5434917416620665f,0.7362966046719516f,0.41880593960810764f,-0.15520206597823974f,0.8442958599191667f,-0.5329340108467638f,-0.9622025322019215f,0f,0f,0f,1f], start_interpolation: 0, interpolation_duration: 1 }
$data merge entity $(bone_weapon) { transformation: [-1.004180203406179f,0.33830152275139186f,0.37788781244069586f,-0.5315477080303206f,0.4768505888750126f,0.9152910913740384f,0.4477507497937607f,0.9468368407126877f,-0.17280230026443189f,0.5598386354615146f,-0.9603879774694759f,-0.5306728195012159f,0f,0f,0f,1f], start_interpolation: 0, interpolation_duration: 1 }
$data merge entity $(bone_rightarmhand) { transformation: [-0.8926046252499369f,0.30071246466790386f,0.335900277725063f,-0.41310249384395653f,0.4238671901111223f,0.8135920812213675f,0.39800066648334287f,0.10863967400214336f,-0.153602044679495f,0.4976343426324574f,-0.8536782021950897f,-0.5820004164132296f,0f,0f,0f,1f], start_interpolation: 0, interpolation_duration: 1 }
$data merge entity $(bone_weaponcase) { transformation: [-0.8926046252499369f,0.30071246466790386f,0.335900277725063f,-0.3816338110222305f,0.4238671901111223f,0.8135920812213675f,0.39800066648334287f,1.16963511197688f,-0.153602044679495f,0.4976343426324574f,-0.8536782021950897f,-0.07496248381029147f,0f,0f,0f,1f], start_interpolation: 0, interpolation_duration: 1 }
$data merge entity $(bone_backpack) { transformation: [-1.037702810512235f,-0.024201069546106072f,0.08750216987182462f,0.01742477007319637f,0f,1.0039748054832065f,0.2776761322105343f,-0.034385297447908636f,-0.09078723202881074f,0.2766194906947568f,-1.000154378240062f,-0.19916603330022487f,0f,0f,0f,1f], start_interpolation: 0, interpolation_duration: 1 }
$data merge entity $(bone_thorax) { transformation: [-1.0065717261968679f,-0.023475037459722885f,0.08487710477566987f,0.01742477007319637f,0f,0.9738555613187101f,0.2693458482442182f,-0.034385297447908636f,-0.0880636150679464f,0.268320905973914f,-0.9701497468928598f,-0.19916603330022487f,0f,0f,0f,1f], start_interpolation: 0, interpolation_duration: 1 }
$data merge entity $(bone_leftlegtop) { transformation: [-0.9888733044751618f,-0.0815763724576583f,0.12439808339770937f,0.11875f,-0.14012337469740993f,0.7915775823327961f,-0.5947859875716429f,0.6884765625f,-0.04995025084805185f,-0.60559906423707f,-0.7942006961942314f,1.4542680739874818e-17f,0f,0f,0f,1f], start_interpolation: 0, interpolation_duration: 1 }
$data merge entity $(bone_leftlegbottom) { transformation: [-0.9922014928691529f,-0.050101437813299635f,-0.11413169357047365f,0.14934113967162185f,-0.03486651785246288f,0.990666840105388f,-0.13177077767262907f,0.39163496912520146f,0.11966838964851292f,-0.12676378759190515f,-0.9846879803644839f,0.22709964908890126f,0f,0f,0f,1f], start_interpolation: 0, interpolation_duration: 1 }
$data merge entity $(bone_rightlegtop) { transformation: [-0.9678208589378423f,0.1244850518904904f,0.2186921508894159f,-0.11875f,0.048916088625667924f,0.945557750672736f,-0.32175729427051364f,0.6884765625f,-0.24684003175818736f,-0.30070585627576f,-0.9212198362622676f,-1.4542680739874818e-17f,0f,0f,0f,1f], start_interpolation: 0, interpolation_duration: 1 }
$data merge entity $(bone_rightlegbottom) { transformation: [-0.9427554027276568f,-0.05596622566641045f,0.32875527708687785f,-0.1654318944589339f,0.08373044798405521f,0.9145144050313536f,0.3957936521352241f,0.333892405997724f,-0.32280251347875655f,0.40066343054339987f,-0.8574773190685521f,0.11276469610340999f,0f,0f,0f,1f], start_interpolation: 0, interpolation_duration: 1 }