# This file was generated by Animated Java via MC-Build. It is not recommended to edit this file directly.
$data merge entity $(bone_head) { transformation: [-0.9961946980917455f,-0.02857947762099734f,0.08233672906307916f,-0.015970953977522913f,0f,0.94470801885618f,0.3279127309343619f,1.4147694479377106f,-0.0871557427476583f,0.3266649239935965f,-0.9411131196292835f,0.18254883928808094f,0f,0f,0f,1f], start_interpolation: 0, interpolation_duration: 1 }
$data merge entity $(bone_leftarmtop) { transformation: [-0.8853285603648792f,-0.4482960596186212f,0.12338550616935552f,0.29800171483906807f,-0.35497766139779446f,0.8230611962726888f,0.4433521479577188f,1.2935578732814255f,-0.3003068432633583f,0.3487132204557032f,-0.8878146708455593f,0.17936020234871067f,0f,0f,0f,1f], start_interpolation: 0, interpolation_duration: 1 }
$data merge entity $(bone_leftarmbottom) { transformation: [-0.9077970678857846f,-0.21816206155392967f,0.3582035712224426f,0.43774224725512584f,-0.2727019995819262f,0.9559137002009259f,-0.10891564255052172f,1.0988856261319344f,-0.3186504400781385f,-0.19655613108400677f,-0.9272688846129236f,0.10156648608676482f,0f,0f,0f,1f], start_interpolation: 0, interpolation_duration: 1 }
$data merge entity $(bone_rightarmtop) { transformation: [-0.9010457149991212f,0.11390534868887497f,0.442813765932774f,-0.2009512557668075f,0.42642082032141565f,0.5624689737952107f,0.7230046872544817f,0.3962534490483297f,-0.16499619315581424f,0.8316225497998512f,-0.5496562845872508f,-0.9557749284036886f,0f,0f,0f,1f], start_interpolation: 0, interpolation_duration: 1 }
$data merge entity $(bone_weapon) { transformation: [-1.0032261569062382f,0.34014869508412526f,0.3787626477514732f,-0.5310408660093496f,0.4747778205640505f,0.9271994675958656f,0.4248672361931354f,0.934697119967976f,-0.18370710165802f,0.538725359086158f,-0.9703873908279621f,-0.5364660503101499f,0f,0f,0f,1f], start_interpolation: 0, interpolation_duration: 1 }
$data merge entity $(bone_rightarmhand) { transformation: [-0.8917565839166562f,0.30235439563033356f,0.3366779091124206f,-0.41427750076435027f,0.4220247293902671f,0.8241773045296583f,0.37765976550500924f,0.09530809660589479f,-0.16329520147379556f,0.4788669858543627f,-0.8625665696248552f,-0.5685700258570225f,0f,0f,0f,1f], start_interpolation: 0, interpolation_duration: 1 }
$data merge entity $(bone_weaponcase) { transformation: [-0.8917565839166562f,0.30235439563033356f,0.3366779091124206f,-0.3806701314015756f,0.4220247293902671f,0.8241773045296583f,0.37765976550500924f,1.1675785649296646f,-0.16329520147379556f,0.4788669858543627f,-0.8625665696248552f,-0.08597739227748169f,0f,0f,0f,1f], start_interpolation: 0, interpolation_duration: 1 }
$data merge entity $(bone_backpack) { transformation: [-1.037702810512235f,-0.02218188052433738f,0.08803570682318135f,0.015970953977522913f,0f,1.0100964554690424f,0.25450853638595566f,-0.039769447937710534f,-0.09078723202881074f,0.2535400545667791f,-1.006252733499525f,-0.18254883928808094f,0f,0f,0f,1f], start_interpolation: 0, interpolation_duration: 1 }
$data merge entity $(bone_thorax) { transformation: [-1.0065717261968679f,-0.021516424108607254f,0.0853946356184859f,0.015970953977522913f,0f,0.9797935618049709f,0.24687328029437694f,-0.039769447937710534f,-0.0880636150679464f,0.24593385292977568f,-0.9760651514945391f,-0.18254883928808094f,0f,0f,0f,1f], start_interpolation: 0, interpolation_duration: 1 }
$data merge entity $(bone_leftlegtop) { transformation: [-0.9888733044751618f,-0.0815763724576583f,0.12439808339770937f,0.11875f,-0.14012337469740993f,0.7915775823327961f,-0.5947859875716429f,0.6875f,-0.04995025084805185f,-0.60559906423707f,-0.7942006961942314f,1.4542680739874818e-17f,0f,0f,0f,1f], start_interpolation: 0, interpolation_duration: 1 }
$data merge entity $(bone_leftlegbottom) { transformation: [-0.9922014928691529f,-0.050101437813299635f,-0.11413169357047365f,0.14934113967162185f,-0.03486651785246288f,0.990666840105388f,-0.13177077767262907f,0.39065840662520146f,0.11966838964851292f,-0.12676378759190515f,-0.9846879803644839f,0.22709964908890126f,0f,0f,0f,1f], start_interpolation: 0, interpolation_duration: 1 }
$data merge entity $(bone_rightlegtop) { transformation: [-0.9678208589378423f,0.1244850518904904f,0.2186921508894159f,-0.11875f,0.048916088625667924f,0.945557750672736f,-0.32175729427051364f,0.6875f,-0.24684003175818736f,-0.30070585627576f,-0.9212198362622676f,-1.4542680739874818e-17f,0f,0f,0f,1f], start_interpolation: 0, interpolation_duration: 1 }
$data merge entity $(bone_rightlegbottom) { transformation: [-0.9427554027276568f,-0.05596622566641045f,0.32875527708687785f,-0.1654318944589339f,0.08373044798405521f,0.9145144050313536f,0.3957936521352241f,0.332915843497724f,-0.32280251347875655f,0.40066343054339987f,-0.8574773190685521f,0.11276469610340999f,0f,0f,0f,1f], start_interpolation: 0, interpolation_duration: 1 }