# This file was generated by Animated Java via MC-Build. It is not recommended to edit this file directly.
$data merge entity $(bone_head) { transformation: [-0.9961946980917455f,-0.026480642260639092f,0.08303552901836686f,-0.014357139162054293f,1.734723475976807e-18f,0.9527258491592382f,0.3038312958597392f,1.4269983114460212f,-0.0871557427476583f,0.3026751260498168f,-0.9491004396673892f,0.1641028515403035f,0f,0f,0f,1f], start_interpolation: 0, interpolation_duration: 1 }
$data merge entity $(bone_leftarmtop) { transformation: [-0.8861199790725608f,-0.4464646552257493f,0.12434104037926183f,0.29934656051862524f,-0.3604975436129278f,0.8326040296430066f,0.4204902506257101f,1.3050506762050178f,-0.2912608860411738f,0.3277801724576703f,-0.8987364768418661f,0.16398854589222947f,0f,0f,0f,1f], start_interpolation: 0, interpolation_duration: 1 }
$data merge entity $(bone_leftarmbottom) { transformation: [-0.9084069564491153f,-0.21605260857962144f,0.35793584872263917f,0.43865397367108006f,-0.2786624559804061f,0.9511189294356421f,-0.13311655680705553f,1.10816521703217f,-0.31167938190041283f,-0.22066728891056475f,-0.9242088024375432f,0.09114540546659856f,0f,0f,0f,1f], start_interpolation: 0, interpolation_duration: 1 }
$data merge entity $(bone_rightarmtop) { transformation: [-0.9001049108378606f,0.11517247034431774f,0.44439654795928807f,-0.20162171094659323f,0.42410500579259147f,0.5830613471359433f,0.7078956489592674f,0.38043987212540675f,-0.17574963392568013f,0.8171392830041789f,-0.5677475659341774f,-0.9481115906320802f,0f,0f,0f,1f], start_interpolation: 0, interpolation_duration: 1 }
$data merge entity $(bone_weapon) { transformation: [-1.0021786636132881f,0.3422138310474438f,0.3796743605224289f,-0.5305077863406962f,0.4721993878927824f,0.9397687533837689f,0.3993587713287374f,0.9300414218540938f,-0.19568000478323153f,0.5151207470131142f,-0.9808083154850827f,-0.5425591788043985f,0f,0f,0f,1f], start_interpolation: 0, interpolation_duration: 1 }
$data merge entity $(bone_rightarmhand) { transformation: [-0.8908254787673673f,0.30419007204217224f,0.33748832046438126f,-0.4156022760436626f,0.41973278923802876f,0.8353500030077945f,0.35498557451443324f,0.08985282483114165f,-0.17393778202953913f,0.4578851084561015f,-0.871829613764518f,-0.5534277751250772f,0f,0f,0f,1f], start_interpolation: 0, interpolation_duration: 1 }
$data merge entity $(bone_weaponcase) { transformation: [-0.8908254787673673f,0.30419007204217224f,0.33748832046438126f,-0.3796097033225013f,0.41973278923802876f,0.8353500030077945f,0.35498557451443324f,1.173904724515483f,-0.17393778202953913f,0.4578851084561015f,-0.871829613764518f,-0.09809814068461717f,0f,0f,0f,1f], start_interpolation: 0, interpolation_duration: 1 }
$data merge entity $(bone_backpack) { transformation: [-1.037702810512235f,-0.01994047105840874f,0.08857030604791812f,0.014357139162054293f,1.807003620809174e-18f,1.0162302936750296f,0.22879124690776043f,-0.036373311446021184f,-0.09078723202881074f,0.2279206271393104f,-1.012363230599282f,-0.1641028515403035f,0f,0f,0f,1f], start_interpolation: 0, interpolation_duration: 1 }
$data merge entity $(bone_thorax) { transformation: [-1.0065717261968679f,-0.019342256926656476f,0.08591319686648055f,0.014357139162054293f,1.7527935121848986e-18f,0.9857433848647784f,0.2219275095005276f,-0.036373311446021184f,-0.0880636150679464f,0.22108300832513106f,-0.9819923336813032f,-0.1641028515403035f,0f,0f,0f,1f], start_interpolation: 0, interpolation_duration: 1 }
$data merge entity $(bone_leftlegtop) { transformation: [-0.9888733044751618f,-0.0815763724576583f,0.12439808339770937f,0.11875f,-0.14012337469740993f,0.7915775823327961f,-0.5947859875716429f,0.6953125f,-0.04995025084805185f,-0.60559906423707f,-0.7942006961942314f,1.4542680739874818e-17f,0f,0f,0f,1f], start_interpolation: 0, interpolation_duration: 1 }
$data merge entity $(bone_leftlegbottom) { transformation: [-0.9922014928691529f,-0.050101437813299635f,-0.11413169357047365f,0.14934113967162185f,-0.03486651785246288f,0.990666840105388f,-0.13177077767262907f,0.39847090662520146f,0.11966838964851292f,-0.12676378759190515f,-0.9846879803644839f,0.22709964908890126f,0f,0f,0f,1f], start_interpolation: 0, interpolation_duration: 1 }
$data merge entity $(bone_rightlegtop) { transformation: [-0.9678208589378423f,0.1244850518904904f,0.2186921508894159f,-0.11875f,0.048916088625667924f,0.945557750672736f,-0.32175729427051364f,0.6953125f,-0.24684003175818736f,-0.30070585627576f,-0.9212198362622676f,-1.4542680739874818e-17f,0f,0f,0f,1f], start_interpolation: 0, interpolation_duration: 1 }
$data merge entity $(bone_rightlegbottom) { transformation: [-0.9427554027276568f,-0.05596622566641045f,0.32875527708687785f,-0.1654318944589339f,0.08373044798405521f,0.9145144050313536f,0.3957936521352241f,0.340728343497724f,-0.32280251347875655f,0.40066343054339987f,-0.8574773190685521f,0.11276469610340999f,0f,0f,0f,1f], start_interpolation: 0, interpolation_duration: 1 }