# This file was generated by Animated Java via MC-Build. It is not recommended to edit this file directly.
$data merge entity $(bone_head) { transformation: [-1f,-7.024285468436541e-17f,1.0031719290535247e-16f,-5.2682141013274056e-17f,0f,0.8191520442889918f,0.573576436351046f,1.3643640332167437f,-1.2246467991473532e-16f,0.573576436351046f,-0.8191520442889918f,0.43018232726328454f,0f,0f,0f,1f], start_interpolation: 0, interpolation_duration: 1 }
$data merge entity $(bone_leftarmtop) { transformation: [-0.9441169799785342f,-0.07504194432073202f,-0.3209545679824113f,0.31249999999999994f,-0.30404456706584543f,-0.17773624027231644f,0.9359309430356517f,1.2619700276806198f,-0.12727933592675086f,0.9812127880772986f,0.14498770692586227f,0.35848527271940384f,0f,0f,0f,1f], start_interpolation: 0, interpolation_duration: 1 }
$data merge entity $(bone_leftarmbottom) { transformation: [-0.9441169799785342f,-0.26379108401913054f,-0.19762943128042476f,0.36076414170451215f,-0.30404456706584543f,0.4654509545040877f,0.8312113510948805f,1.3159054804695065f,-0.12727933592675086f,0.8448489053927016f,-0.519644395430952f,0.11715955494779015f,0f,0f,0f,1f], start_interpolation: 0, interpolation_duration: 1 }
$data merge entity $(bone_rightarmtop) { transformation: [-0.8693898017700383f,0.335276014050777f,0.39075978203783196f,-0.4998684515629013f,0.48019169580297466f,0.251268688056048f,0.8527730190163344f,0.771524484407552f,0.1857932941144386f,0.9194541212494471f,-0.3755353659208279f,-0.9501924883977118f,0f,0f,0f,1f], start_interpolation: 0, interpolation_duration: 1 }
$data merge entity $(bone_weapon) { transformation: [-1.0106649103411298f,0.40177155460604463f,0.28768221515171566f,-0.6184975957581672f,0.4727730633540543f,0.5956453581436528f,0.8290459805636495f,1.2049355191936044f,0.1437604590003084f,0.8656854077731481f,-0.7039507832204315f,-0.35439798701042047f,0f,0f,0f,1f], start_interpolation: 0, interpolation_duration: 1 }
$data merge entity $(bone_rightarmhand) { transformation: [-0.8983688091921155f,0.35713027076092857f,0.2557175245793028f,-0.5153005109053145f,0.4202427229813816f,0.5294625405721358f,0.7369297605010218f,0.4745479507705066f,0.1277870746669408f,0.7694981402427983f,-0.6257340295292724f,-0.77287456081219f,0f,0f,0f,1f], start_interpolation: 0, interpolation_duration: 1 }
$data merge entity $(bone_weaponcase) { transformation: [-0.8983688091921155f,0.35713027076092857f,0.2557175245793028f,-0.4223432344590595f,0.4202427229813816f,0.5294625405721358f,0.7369297605010218f,1.2146517449390093f,0.1277870746669408f,0.7694981402427983f,-0.6257340295292724f,0.136737653877719f,0f,0f,0f,1f], start_interpolation: 0, interpolation_duration: 1 }
$data merge entity $(bone_backpack) { transformation: [-1.0416666666666667f,-7.316964029621397e-17f,1.044970759430755e-16f,5.2682141013274056e-17f,0f,0.8532833794676998f,0.5974754545323396f,0.13563596678325618f,-1.2756737491118264e-16f,0.5974754545323396f,-0.8532833794676998f,-0.43018232726328454f,0f,0f,0f,1f], start_interpolation: 0, interpolation_duration: 1 }
$data merge entity $(bone_thorax) { transformation: [-1.0104166666666665f,-7.097455108732754e-17f,1.0136216366478322e-16f,5.2682141013274056e-17f,0f,0.8276848780836686f,0.5795511908963693f,0.13563596678325618f,-1.2374035366384712e-16f,0.5795511908963693f,-0.8276848780836686f,-0.43018232726328454f,0f,0f,0f,1f], start_interpolation: 0, interpolation_duration: 1 }
$data merge entity $(bone_leftlegtop) { transformation: [-0.9999827899881194f,0.005350829730003322f,-0.0024058987462492066f,0.11875f,0.005293018359578425f,0.6459465728874928f,-0.7633642701433884f,0.75f,-0.0025305501816515396f,-0.7633638671014652f,-0.6459637781792991f,1.4542680739874818e-17f,0f,0f,0f,1f], start_interpolation: 0, interpolation_duration: 1 }
$data merge entity $(bone_leftlegbottom) { transformation: [-0.9989468262864f,0.03352112394954839f,-0.03133005747661748f,0.11674343885124874f,0.036003026035780115f,0.995954051003178f,-0.08233656785794385f,0.5077700351671902f,0.028443283365253046f,-0.08337783002404092f,-0.9961120002750123f,0.28626145016304944f,0f,0f,0f,1f], start_interpolation: 0, interpolation_duration: 1 }
$data merge entity $(bone_rightlegtop) { transformation: [-0.9990482215818578f,0.026553800585006778f,0.03460558666774669f,-0.11875f,0.04361938736533599f,0.6081820230187927f,0.7925982437039849f,0.75f,-1.223481206754078e-16f,0.7933533402912352f,-0.6087614290087207f,-1.4542680739874818e-17f,0f,0f,0f,1f], start_interpolation: 0, interpolation_duration: 1 }
$data merge entity $(bone_rightlegbottom) { transformation: [-0.9990482215818578f,0.023436679747723323f,0.036788218175523114f,-0.12870767521937754f,0.04361938736533599f,0.536788218175523f,0.8425887240367153f,0.5219317413679527f,-1.223481206754078e-16f,0.8433914458128857f,-0.5372996083468239f,-0.2975075026092132f,0f,0f,0f,1f], start_interpolation: 0, interpolation_duration: 1 }
execute on vehicle unless entity @s[tag=aj.transforms_only] at @s run function animated_java:anby_demara/animations/run_loop/zzz/frames/zzz/0