# This file was generated by Animated Java via MC-Build. It is not recommended to edit this file directly.
$data merge entity $(bone_head) { transformation: [-0.9999619229877919f,0.00030473376832639617f,0.008721221926311954f,-5.1094923367661617e-17f,0.005166422530081181f,0.8260937613180388f,0.5635090110988962f,1.3732383519557463f,-0.007032826799958345f,0.563532611876851f,-0.8260638805192103f,0.41722171162522853f,0f,0f,0f,1f], start_interpolation: 0, interpolation_duration: 1 }
$data merge entity $(bone_leftarmtop) { transformation: [-0.9458543690035377f,-0.21909123041476192f,-0.23949644129352998f,0.31249999999999994f,-0.27946595546922703f,0.17437642207055176f,0.9441883515271435f,1.2693652932964552f,-0.16510085514797188f,0.9599957792517728f,-0.22616324070942645f,0.34768475968769047f,0f,0f,0f,1f], start_interpolation: 0, interpolation_duration: 1 }
$data merge entity $(bone_leftarmbottom) { transformation: [-0.9458543690035377f,-0.32307091317373426f,-0.03137989321219936f,0.39683075663505096f,-0.27946595546922703f,0.761372259921321f,0.5849880866786711f,1.2345044988872307f,-0.16510085514797188f,0.5620831494391109f,-0.8104345999190921f,0.11284521659812138f,0f,0f,0f,1f], start_interpolation: 0, interpolation_duration: 1 }
$data merge entity $(bone_rightarmtop) { transformation: [-0.8597476153123739f,0.32123693113041457f,0.42259047826516044f,-0.4814708396891084f,0.5023760475423952f,0.23259922409753264f,0.8452560251679276f,0.7974644787897937f,0.17144732455814204f,0.9293257100203978f,-0.35763302402702696f,-0.9699896058735133f,0f,0f,0f,1f], start_interpolation: 0, interpolation_duration: 1 }
$data merge entity $(bone_weapon) { transformation: [-1.0001879849277038f,0.3984330806772026f,0.3263434923946438f,-0.60149614825533f,0.4993229681144691f,0.5755076966940256f,0.8277031258605311f,1.2280299787079092f,0.12619654638545427f,0.8807195758401255f,-0.6885001528049016f,-0.3724142027702772f,0f,0f,0f,1f], start_interpolation: 0, interpolation_duration: 1 }
$data merge entity $(bone_rightarmhand) { transformation: [-0.8890559866024034f,0.35416273837973566f,0.2900831043507945f,-0.5091165202626995f,0.4438426383239725f,0.5115623970613561f,0.7357361118760276f,0.4992737697227537f,0.11217470789818158f,0.7828618451912227f,-0.6120001358265792f,-0.7962286355678487f,0f,0f,0f,1f], start_interpolation: 0, interpolation_duration: 1 }
$data merge entity $(bone_weaponcase) { transformation: [-0.8890559866024034f,0.35416273837973566f,0.2900831043507945f,-0.41629643498007296f,0.4438426383239725f,0.5115623970613561f,0.7357361118760276f,1.2273523733406448f,0.11217470789818158f,0.7828618451912227f,-0.6120001358265792f,0.12305099611227671f,0f,0f,0f,1f], start_interpolation: 0, interpolation_duration: 1 }
$data merge entity $(bone_backpack) { transformation: [-1.0416666666666667f,-7.096517134397448e-17f,1.0600650733728837e-16f,5.1094923367661617e-17f,0f,0.8656088221607587f,0.5794745994794841f,0.12676164804425372f,-1.2756737491118264e-16f,0.5794745994794841f,-0.8656088221607587f,-0.41722171162522853f,0f,0f,0f,1f], start_interpolation: 0, interpolation_duration: 1 }
$data merge entity $(bone_thorax) { transformation: [-1.0104166666666665f,-6.883621620365523e-17f,1.028263121171697e-16f,5.1094923367661617e-17f,0f,0.8396405574959358f,0.5620903614950995f,0.12676164804425372f,-1.2374035366384712e-16f,0.5620903614950995f,-0.8396405574959358f,-0.41722171162522853f,0f,0f,0f,1f], start_interpolation: 0, interpolation_duration: 1 }
$data merge entity $(bone_leftlegtop) { transformation: [-0.9997029411804261f,-0.0029319017550543613f,0.024195729939479604f,0.11875f,-0.014740531719351895f,0.8633290551930941f,-0.5044260690963843f,0.75f,-0.019409948991079323f,-0.504632882808382f,-0.863115813473873f,1.4542680739874818e-17f,0f,0f,0f,1f], start_interpolation: 0, interpolation_duration: 1 }
$data merge entity $(bone_leftlegbottom) { transformation: [-0.9997916859929176f,0.006216987099235197f,-0.01944051673303547f,0.11984946315814538f,0.003910369710970748f,0.9931816529581252f,0.11651142963713823f,0.4262516043025897f,0.020032314598243794f,0.11641113906656098f,-0.9929990700262831f,0.1892373310531433f,0f,0f,0f,1f], start_interpolation: 0, interpolation_duration: 1 }
$data merge entity $(bone_rightlegtop) { transformation: [-0.9990482215818578f,0.03594787945942159f,0.024706293054566657f,-0.11875f,0.043619387365336f,0.8233418031018594f,0.5658671436926266f,0.75f,-1.2061339719943099e-16f,0.5664062369248328f,-0.8241261886220157f,-1.4542680739874818e-17f,0f,0f,0f,1f], start_interpolation: 0, interpolation_duration: 1 }
$data merge entity $(bone_rightlegbottom) { transformation: [-0.9986665529813846f,0.03201677216954611f,0.040497435179560434f,-0.1322304547972831f,0.05148799899117473f,0.6747771839381965f,0.7362232935708584f,0.4412468238368027f,-0.00375525181101241f,0.7373267107166813f,-0.6755258838472107f,-0.21240233884681234f,0f,0f,0f,1f], start_interpolation: 0, interpolation_duration: 1 }