# This file was generated by Animated Java via MC-Build. It is not recommended to edit this file directly.
$data merge entity $(bone_head) { transformation: [-0.99984769487294f,0.0004570988652005954f,0.01744643567883098f,-4.948529379995713e-17f,0.01003557983285484f,0.8329134274932435f,0.5533123073264103f,1.3818392977553606f,-0.014278452111015099f,0.5534031201231928f,-0.8327911577599925f,0.4040780887551474f,0f,0f,0f,1f], start_interpolation: 0, interpolation_duration: 1 }
$data merge entity $(bone_leftarmtop) { transformation: [-0.9450401829667788f,-0.3106241372277196f,-0.10203772806982776f,0.31249999999999994f,-0.25585601402574365f,0.5082954259505863f,0.8222976711900446f,1.2765327481294673f,-0.20356019420548746f,0.8032113080187847f,-0.5598346559527887f,0.3367317406292895f,0f,0f,0f,1f], start_interpolation: 0, interpolation_duration: 1 }
$data merge entity $(bone_leftarmbottom) { transformation: [-0.9450401829667788f,-0.29432566676007843f,0.14237785805508013f,0.4196885400246417f,-0.25585601402574365f,0.936853090517449f,0.23841977031018835f,1.1574543920801252f,-0.20356019420548746f,0.1888880321093419f,-0.9606688079983052f,0.14229016969351482f,0f,0f,0f,1f], start_interpolation: 0, interpolation_duration: 1 }
$data merge entity $(bone_rightarmtop) { transformation: [-0.8497540734545458f,0.30510708820080656f,0.4536182532204905f,-0.4571867364831969f,0.5239125239631275f,0.2150609560442919f,0.8367833009194663f,0.8218376768228656f,0.15612662220060092f,0.9389357220772452f,-0.33906640636502233f,-0.9892818055584882f,0f,0f,0f,1f], start_interpolation: 0, interpolation_duration: 1 }
$data merge entity $(bone_weapon) { transformation: [-0.9891054091282427f,0.3926485294937295f,0.3648597291010115f,-0.5798046556380791f,0.5250997287358726f,0.556186974468429f,0.824955346860161f,1.2498802893795296f,0.10754424445206176f,0.8956049250188762f,-0.6722730500080814f,-0.39042167618941637f,0f,0f,0f,1f], start_interpolation: 0, interpolation_duration: 1 }
$data merge entity $(bone_rightarmhand) { transformation: [-0.8792048081139936f,0.34902091510553734f,0.3243197592008991f,-0.4969933440981834f,0.4667553144318868f,0.49438842174971465f,0.7332936416534764f,0.5228911562511223f,0.09559488395738823f,0.7960932666834455f,-0.5975760444516278f,-0.8192192604226409f,0f,0f,0f,1f], start_interpolation: 0, interpolation_duration: 1 }
$data merge entity $(bone_weaponcase) { transformation: [-0.8792048081139936f,0.34902091510553734f,0.3243197592008991f,-0.4065714673936392f,0.4667553144318868f,0.49438842174971465f,0.7332936416534764f,1.2395252700555124f,0.09559488395738823f,0.7960932666834455f,-0.5975760444516278f,0.1092464059565875f,0f,0f,0f,1f], start_interpolation: 0, interpolation_duration: 1 }
$data merge entity $(bone_backpack) { transformation: [-1.0416666666666667f,-6.872957472216268e-17f,1.0746944077383526e-16f,4.948529379995713e-17f,0f,0.8775545802157788f,0.5612195677154825f,0.11816070224463937f,-1.2756737491118264e-16f,0.5612195677154825f,-0.8775545802157788f,-0.4040780887551474f,0f,0f,0f,1f], start_interpolation: 0, interpolation_duration: 1 }
$data merge entity $(bone_thorax) { transformation: [-1.0104166666666665f,-6.66676874804978e-17f,1.0424535755062018e-16f,4.948529379995713e-17f,0f,0.8512279428093052f,0.5443829806840179f,0.11816070224463937f,-1.2374035366384712e-16f,0.5443829806840179f,-0.8512279428093052f,-0.4040780887551474f,0f,0f,0f,1f], start_interpolation: 0, interpolation_duration: 1 }
$data merge entity $(bone_leftlegtop) { transformation: [-0.9987371345545873f,-0.027315384742922923f,0.04216640627369386f,0.11875f,-0.034750837227688285f,0.9817188308844239f,-0.18713769368808233f,0.75f,-0.03628381696661515f,-0.18836668188208314f,-0.9814282845848021f,1.4542680739874818e-17f,0f,0f,0f,1f], start_interpolation: 0, interpolation_duration: 1 }
$data merge entity $(bone_leftlegbottom) { transformation: [-0.9995149857892248f,-0.026598771999804087f,-0.016195632462736934f,0.12899326927859608f,-0.030318232702068418f,0.9499342746379273f,0.31097536660310887f,0.381855438418341f,0.007113223501960891f,0.31131556208486777f,-0.950279970774505f,0.07063750570578119f,0f,0f,0f,1f], start_interpolation: 0, interpolation_duration: 1 }
$data merge entity $(bone_rightlegtop) { transformation: [-0.9990482215818578f,0.041823129428744436f,0.01238857533833995f,-0.11875f,0.04361938736533599f,0.9579071509376567f,0.28374502502841226f,0.75f,-1.223481206754078e-16f,0.28401534470392265f,-0.958819734868193f,-1.4542680739874818e-17f,0f,0f,0f,1f], start_interpolation: 0, interpolation_duration: 1 }
$data merge entity $(bone_rightlegbottom) { transformation: [-0.99834371074453f,0.03733170954523558f,0.04377417822498212f,-0.13443367353577915f,0.05626330873353734f,0.7924015810941538f,0.6073995179203224f,0.39078481839837875f,-0.012011465655655511f,0.6088563687290425f,-0.7931895403690643f,-0.106505754263971f,0f,0f,0f,1f], start_interpolation: 0, interpolation_duration: 1 }