# This file was generated by Animated Java via MC-Build. It is not recommended to edit this file directly.
$data merge entity $(bone_head) { transformation: [-0.9990482207755329f,4.023395986977483e-8f,0.043619405833188546f,-4.4529041222289035e-17f,0.022791112064481877f,0.8526401524064267f,0.5220012794191311f,1.4059647803545468f,-0.03719163583530913f,0.522498584212765f,-0.8518286281403965f,0.3636072151847528f,0f,0f,0f,1f], start_interpolation: 0, interpolation_duration: 1 }
$data merge entity $(bone_leftarmtop) { transformation: [-0.9273680588023698f,-0.14749933589707936f,0.34384942841750493f,0.31249999999999994f,-0.19151207576042606f,0.9766282721767383f,-0.09757224412204285f,1.2966373169621224f,-0.32142123195435784f,-0.15633670040972225f,-0.9339417689309881f,0.3030060126539607f,0f,0f,0f,1f], start_interpolation: 0, interpolation_duration: 1 }
$data merge entity $(bone_leftarmbottom) { transformation: [-0.9273680588023698f,0.16859319835723086f,0.334013198812268f,0.37835508581184385f,-0.19151207576042606f,0.5530198772124412f,-0.8108588904648386f,1.058465001285451f,-0.32142123195435784f,-0.8159321962489381f,-0.48056533663314377f,0.352134601254965f,0f,0f,0f,1f], start_interpolation: 0, interpolation_duration: 1 }
$data merge entity $(bone_rightarmtop) { transformation: [-0.817751227090329f,0.2448397770778572f,0.5406276485997584f,-0.3708962758924463f,0.5842023557956877f,0.1699257770178406f,0.8067060667092005f,0.8847169742793843f,0.10455801429257928f,0.9654639061835123f,-0.27908584303372413f,-1.0431586888408952f,0f,0f,0f,1f], start_interpolation: 0, interpolation_duration: 1 }
$data merge entity $(bone_weapon) { transformation: [-0.9523201657402752f,0.36089753517792944f,0.4779793625533532f,-0.5082257428626012f,0.5972038177602794f,0.5041758077502273f,0.8091843763518624f,1.3074713609656978f,0.0453751250903125f,0.9387143995816305f,-0.6183699330021938f,-0.44373527183975675f,0f,0f,0f,1f], start_interpolation: 0, interpolation_duration: 1 }
$data merge entity $(bone_rightarmhand) { transformation: [-0.8465068139913557f,0.3207978090470484f,0.4248705444918695f,-0.4464060068492212f,0.5308478380091373f,0.4481562735557576f,0.7192750012016554f,0.586007187772119f,0.04033344452472223f,0.834412799628116f,-0.5496621626686167f,-0.8852169229730077f,0f,0f,0f,1f], start_interpolation: 0, interpolation_duration: 1 }
$data merge entity $(bone_weaponcase) { transformation: [-0.8465068139913557f,0.3207978090470484f,0.4248705444918695f,-0.3764951889808203f,0.5308478380091373f,0.4481562735557576f,0.7192750012016554f,1.2726619398379873f,0.04033344452472223f,0.834412799628116f,-0.5496621626686167f,0.06736209816399608f,0f,0f,0f,1f], start_interpolation: 0, interpolation_duration: 1 }
$data merge entity $(bone_backpack) { transformation: [-1.0416666666666667f,-6.184589058651256e-17f,1.1157294008536007e-16f,4.4529041222289035e-17f,0f,0.9110621949368706f,0.5050100210899344f,0.09403521964545325f,-1.2756737491118264e-16f,0.5050100210899344f,-0.9110621949368706f,-0.3636072151847528f,0f,0f,0f,1f], start_interpolation: 0, interpolation_duration: 1 }
$data merge entity $(bone_thorax) { transformation: [-1.0104166666666665f,-5.999051386891717e-17f,1.0822575188279923e-16f,4.4529041222289035e-17f,0f,0.8837303290887644f,0.48985972045723636f,0.09403521964545325f,-1.2374035366384712e-16f,0.48985972045723636f,-0.8837303290887644f,-0.3636072151847528f,0f,0f,0f,1f], start_interpolation: 0, interpolation_duration: 1 }
$data merge entity $(bone_leftlegtop) { transformation: [-0.9917418234032219f,-0.12774087608300136f,-0.011420345458872869f,0.11875f,-0.0943913088512054f,0.6667308259833863f,0.7392971571004909f,0.75f,-0.08682417017287908f,0.734269891975055f,-0.6732824735671739f,1.4542680739874818e-17f,0f,0f,0f,1f], start_interpolation: 0, interpolation_duration: 1 }
$data merge entity $(bone_leftlegbottom) { transformation: [-0.9898160152288933f,-0.1262594921689628f,-0.06574797817143183f,0.1666528285311255f,-0.1289611724780873f,0.5997597050664591f,0.7897197681277018f,0.49997594025623016f,-0.06027662888278076f,0.7901562103886988f,-0.6099343335103361f,-0.2753512094906456f,0f,0f,0f,1f], start_interpolation: 0, interpolation_duration: 1 }
$data merge entity $(bone_rightlegtop) { transformation: [-0.9990482215818578f,0.03460558666774669f,-0.02655380058500678f,-0.11875f,0.04361938736533599f,0.7925982437039849f,-0.6081820230187928f,0.75f,-1.2061339719943099e-16f,-0.6087614290087208f,-0.7933533402912352f,-1.4542680739874818e-17f,0f,0f,0f,1f], start_interpolation: 0, interpolation_duration: 1 }
$data merge entity $(bone_rightlegbottom) { transformation: [-0.9983456904716287f,0.031966111414070714f,0.04779173608261482f,-0.131727095000405f,0.03788990121837256f,0.9909615429200245f,0.12868401547677283f,0.45277565861100566f,-0.04324624495131406f,0.13028195644304513f,-0.9905333786011371f,0.22828553587827025f,0f,0f,0f,1f], start_interpolation: 0, interpolation_duration: 1 }