# This file was generated by Animated Java via MC-Build. It is not recommended to edit this file directly.
$data merge entity $(bone_head) { transformation: [-0.9993908262383191f,0.000304699777217122f,0.034898188903374955f,-4.6201632566099234e-17f,0.018854447458704588f,0.8461867428431795f,0.5325528199601217f,1.3982061014652785f,-0.029368116073674646f,0.5328863888245754f,-0.8456770130278976f,0.3772649599726763f,0f,0f,0f,1f], start_interpolation: 0, interpolation_duration: 1 }
$data merge entity $(bone_leftarmtop) { transformation: [-0.9357821713230976f,-0.27311178903276373f,0.22298358353285133f,0.31249999999999994f,-0.21181990796414585f,0.9410635416775808f,0.263688712529204f,1.2901717512210655f,-0.28185821688198076f,0.19952283382252667f,-0.9384809984008939f,0.314387466643897f,0f,0f,0f,1f], start_interpolation: 0, interpolation_duration: 1 }
$data merge entity $(bone_leftarmbottom) { transformation: [-0.9357821713230976f,-0.01703836073040102f,0.35216675325398006f,0.41002114011203766f,-0.21181990796414585f,0.8256533205178084f,-0.5229043133384712f,1.06152523792555f,-0.28185821688198076f,-0.563920462992378f,-0.7762407210360535f,0.27331482746582725f,0f,0f,0f,1f], start_interpolation: 0, interpolation_duration: 1 }
$data merge entity $(bone_rightarmtop) { transformation: [-0.8287469902152486f,0.2668342808924507f,0.5127569921781202f,-0.39970118939531996f,0.5648679699091348f,0.183664668011185f,0.8173942173595624f,0.8655348927184834f,0.12265579096674128f,0.9570833801413164f,-0.2998146105135191f,-1.0259700581772992f,0f,0f,0f,1f], start_interpolation: 0, interpolation_duration: 1 }
$data merge entity $(bone_weapon) { transformation: [-0.9651606344915982f,0.37384305479784385f,0.440830262127264f,-0.5310006592802499f,0.5740973019549783f,0.5204240592618774f,0.8155955409572839f,1.2896423130862602f,0.06709871471042023f,0.9246757101388607f,-0.6372578705386097f,-0.42615139223977155f,0f,0f,0f,1f], start_interpolation: 0, interpolation_duration: 1 }
$data merge entity $(bone_rightarmhand) { transformation: [-0.8579205639925317f,0.33230493759808344f,0.3918491218909013f,-0.46348506414257157f,0.5103087128488696f,0.46259916378833543f,0.7249738141842523f,0.5663564108602652f,0.05964330196481798f,0.8219339645678763f,-0.5664514404787642f,-0.8638012857669306f,0f,0f,0f,1f], start_interpolation: 0, interpolation_duration: 1 }
$data merge entity $(bone_weaponcase) { transformation: [-0.8579205639925317f,0.33230493759808344f,0.3918491218909013f,-0.3845522032171605f,0.5103087128488696f,0.46259916378833543f,0.7249738141842523f,1.2621990901639415f,0.05964330196481798f,0.8219339645678763f,-0.5664514404787642f,0.08137680942233633f,0f,0f,0f,1f], start_interpolation: 0, interpolation_duration: 1 }
$data merge entity $(bone_backpack) { transformation: [-1.0416666666666667f,-6.416893411958227e-17f,1.1025326768711637e-16f,4.6201632566099234e-17f,0f,0.9002862520351091f,0.5239791110731615f,0.10179389853472143f,-1.2756737491118264e-16f,0.5239791110731615f,-0.9002862520351091f,-0.3772649599726763f,0f,0f,0f,1f], start_interpolation: 0, interpolation_duration: 1 }
$data merge entity $(bone_thorax) { transformation: [-1.0104166666666665f,-6.22438660959948e-17f,1.0694566965650286e-16f,4.6201632566099234e-17f,0f,0.8732776644740557f,0.5082597377409667f,0.10179389853472143f,-1.2374035366384712e-16f,0.5082597377409667f,-0.8732776644740557f,-0.3772649599726763f,0f,0f,0f,1f], start_interpolation: 0, interpolation_duration: 1 }
$data merge entity $(bone_leftlegtop) { transformation: [-0.9947538650813881f,-0.09881492107129175f,0.02646430198047729f,0.11875f,-0.07460124394708012f,0.8777498752256678f,0.4732756183693311f,0.75f,-0.06999573063543059f,0.46881848077374133f,-0.8805167969878902f,1.4542680739874818e-17f,0f,0f,0f,1f], start_interpolation: 0, interpolation_duration: 1 }
$data merge entity $(bone_leftlegbottom) { transformation: [-0.99458137535426f,-0.09619438277600612f,-0.03942750969528528f,0.1558055954017344f,-0.09843264488198641f,0.7493148042449104f,0.6548574948497942f,0.42084379679037454f,-0.03344999581413055f,0.6551900219491706f,-0.7547232160986437f,-0.17580693029015296f,0f,0f,0f,1f], start_interpolation: 0, interpolation_duration: 1 }
$data merge entity $(bone_rightlegtop) { transformation: [-0.9990482215818578f,0.04111744434658769f,-0.014560450698123924f,-0.11875f,0.04361938736533599f,0.9417443052649115f,-0.33348914906932436f,0.75f,-1.214807589374194e-16f,-0.33380685923377096f,-0.9426414910921784f,-1.4542680739874818e-17f,0f,0f,0f,1f], start_interpolation: 0, interpolation_duration: 1 }
$data merge entity $(bone_rightlegbottom) { transformation: [-0.9981620470291154f,0.03735183214238632f,0.04772178230382043f,-0.13416904162997037f,0.049949864961090364f,0.9529884059928353f,0.298861354198906f,0.3968458855256582f,-0.03431528611297112f,0.3006957576668519f,-0.9531025770923836f,0.1251775722126641f,0f,0f,0f,1f], start_interpolation: 0, interpolation_duration: 1 }