# This file was generated by Animated Java via MC-Build. It is not recommended to edit this file directly.
$data merge entity $(bone_head) { transformation: [-0.9996573244205375f,0.0004570778438053685f,0.026172978665351718f,-4.785395834688771e-17f,0.014600481735884829f,0.8396111069380575f,0.5429917264925218f,1.3901630979564956f,-0.02172693410153276f,0.5431877945849799f,-0.8393300662721748f,0.39075722388043227f,0f,0f,0f,1f], start_interpolation: 0, interpolation_duration: 1 }
$data merge entity $(bone_leftarmtop) { transformation: [-0.9416789725152915f,-0.3304999478118099f,0.06332848663070845f,0.31249999999999994f,-0.23328621338322353f,0.7767806336464564f,0.5849695631715607f,1.2834692482970795f,-0.2425247520725709f,0.5360798743547461f,-0.8085790703103423f,0.3256310199003603f,0f,0f,0f,1f], start_interpolation: 0, interpolation_duration: 1 }
$data merge entity $(bone_leftarmbottom) { transformation: [-0.9416789725152915f,-0.18402985425505278f,0.28173342979740434f,0.4245524548440553f,-0.23328621338322353f,0.9603890579489732f,-0.15241522239330507f,1.096564284053691f,-0.2425247520725709f,-0.20925073503992192f,-0.9473098091529456f,0.1991899498139416f,0f,0f,0f,1f], start_interpolation: 0, interpolation_duration: 1 }
$data merge entity $(bone_rightarmtop) { transformation: [-0.8394176176013204f,0.2869493426786835f,0.48371476954355286f,-0.4291990691293466f,0.5447574286042441f,0.1987279022912524f,0.8274590050928128f,0.8445537229303512f,0.13985437969113712f,0.9482136551774434f,-0.3198022152737803f,-1.00797551488476f,0f,0f,0f,1f], start_interpolation: 0, interpolation_duration: 1 }
$data merge entity $(bone_weapon) { transformation: [-0.9774262057795376f,0.3844408872250245f,0.40307346288865614f,-0.5555840585102745f,0.5500438403610313f,0.537792011983721f,0.8208876448865517f,1.2704329155619842f,0.08783385415832048f,0.9102801525223634f,-0.6552100869091969f,-0.40835660711686755f,0f,0f,0f,1f], start_interpolation: 0, interpolation_duration: 1 }
$data merge entity $(bone_rightarmhand) { transformation: [-0.8688232940262557f,0.3417252330889107f,0.35828752256769436f,-0.4810670250281628f,0.48892785809869443f,0.4780373439855297f,0.7296779065658238f,0.5452866627292796f,0.07807453702961821f,0.809137913353212f,-0.5824089661415084f,-0.8417714257072255f,0f,0f,0f,1f], start_interpolation: 0, interpolation_duration: 1 }
$data merge entity $(bone_weaponcase) { transformation: [-0.8688232940262557f,0.3417252330889107f,0.35828752256769436f,-0.39528414512466364f,0.48892785809869443f,0.4780373439855297f,0.7296779065658238f,1.2511476259344267f,0.07807453702961821f,0.809137913353212f,-0.5824089661415084f,0.09534684891906914f,0f,0f,0f,1f], start_interpolation: 0, interpolation_duration: 1 }
$data merge entity $(bone_backpack) { transformation: [-1.0416666666666667f,-6.646383103734404e-17f,1.0888523456176053e-16f,4.785395834688771e-17f,0f,0.889115413828466f,0.5427183665006005f,0.10983690204350449f,-1.2756737491118264e-16f,0.5427183665006005f,-0.889115413828466f,-0.39075722388043227f,0f,0f,0f,1f], start_interpolation: 0, interpolation_duration: 1 }
$data merge entity $(bone_thorax) { transformation: [-1.0104166666666665f,-6.446991610622371e-17f,1.0561867752490769e-16f,4.785395834688771e-17f,0f,0.8624419514136119f,0.5264368155055823f,0.10983690204350449f,-1.2374035366384712e-16f,0.5264368155055823f,-0.8624419514136119f,-0.39075722388043227f,0f,0f,0f,1f], start_interpolation: 0, interpolation_duration: 1 }
$data merge entity $(bone_leftlegtop) { transformation: [-0.997086692857077f,-0.06209714714122772f,0.044295273385065496f,0.11875f,-0.05471276403451114f,0.9868785724077873f,0.15191180590747894f,0.75f,-0.05314734592659244f,0.14904572331767313f,-0.9874009985723484f,1.4542680739874818e-17f,0f,0f,0f,1f], start_interpolation: 0, interpolation_duration: 1 }
$data merge entity $(bone_leftlegbottom) { transformation: [-0.9978263902942799f,-0.06184848346495565f,-0.02274334903597771f,0.1420364301779604f,-0.06501362615616216f,0.8676102725494603f,0.4929763111759813f,0.37992053534707976f,-0.010757473974590391f,0.4933834006730834f,-0.8697454206225806f,-0.05589214624412741f,0f,0f,0f,1f], start_interpolation: 0, interpolation_duration: 1 }
$data merge entity $(bone_rightlegtop) { transformation: [-0.9990482215818578f,0.043604440090704404f,-0.0011418224482833788f,-0.11875f,0.043619387365336f,0.9987058727081077f,-0.02615203365342102f,0.75f,-1.2223970045815924e-16f,-0.02617694830787327f,-0.9996573249755573f,-1.4542680739874818e-17f,0f,0f,0f,1f], start_interpolation: 0, interpolation_duration: 1 }
$data merge entity $(bone_rightlegbottom) { transformation: [-0.9981608383263315f,0.039146672811602466f,0.04628691866452451f,-0.13510166503401413f,0.05608717507628463f,0.8860980696862426f,0.4600917731173605f,0.3754852977344596f,-0.02300368717482394f,0.46184169247275186f,-0.8866640183690025f,0.009816355615452462f,0f,0f,0f,1f], start_interpolation: 0, interpolation_duration: 1 }