# This file was generated by Animated Java via MC-Build. It is not recommended to edit this file directly.
$data merge entity $(bone_head) { transformation: [-1f,-4.6865204053262974e-17f,1.1314261122877003e-16f,-3.514890303994723e-17f,0f,0.9238795325112867f,0.3826834323650897f,1.442909649383465f,-1.2246467991473532e-16f,0.3826834323650897f,-0.9238795325112867f,0.2870125742738173f,0f,0f,0f,1f], start_interpolation: 0, interpolation_duration: 1 }
$data merge entity $(bone_leftarmtop) { transformation: [-0.9441169799785342f,-0.11629292771866526f,-0.30841381791163863f,0.31249999999999994f,-0.32438578714317773f,0.1618815597528499f,0.9319700755450712f,1.3274247078195542f,-0.05845501873845442f,0.9799338322430785f,-0.19055890220527916f,0.2391771452281811f,0f,0f,0f,1f], start_interpolation: 0, interpolation_duration: 1 }
$data merge entity $(bone_leftarmbottom) { transformation: [-0.9441169799785342f,-0.2873301318626423f,-0.1615070383605888f,0.3710768875539955f,-0.32438578714317773f,0.7230672864511033f,0.609875036678613f,1.297091373729566f,-0.05845501873845442f,0.6281839655610728f,-0.7758659137997055f,-0.003979593497011824f,0f,0f,0f,1f], start_interpolation: 0, interpolation_duration: 1 }
$data merge entity $(bone_rightarmtop) { transformation: [-0.8693898017700383f,0.335276014050777f,0.39075978203783207f,-0.4998684515629013f,0.5090222641150114f,0.44431891190041173f,0.75127816382525f,0.5653549728267222f,0.07745674593770704f,0.8432748894682177f,-0.5512075412935533f,-0.9323278835134268f,0f,0f,0f,1f], start_interpolation: 0, interpolation_duration: 1 }
$data merge entity $(bone_weapon) { transformation: [-1.0106649103411298f,0.4017715546060447f,0.28768221515171577f,-0.6184975957581673f,0.49268191227201386f,0.7688948002654402f,0.6570314447914655f,1.1174459673967734f,0.03802594279104421f,0.7162439556702805f,-0.8667027308371893f,-0.4444634077906096f,0f,0f,0f,1f], start_interpolation: 0, interpolation_duration: 1 }
$data merge entity $(bone_rightarmhand) { transformation: [-0.8983688091921155f,0.3571302707609286f,0.2557175245793029f,-0.5153005109053146f,0.4379394775751234f,0.6834620446803913f,0.5840279509257471f,0.3137965926194709f,0.03380083803648374f,0.6366612939291383f,-0.770402427410835f,-0.6949356125318223f,0f,0f,0f,1f], start_interpolation: 0, interpolation_duration: 1 }
$data merge entity $(bone_weaponcase) { transformation: [-0.8983688091921155f,0.3571302707609286f,0.2557175245793029f,-0.4223432344590595f,0.4379394775751234f,0.6834620446803913f,0.5840279509257471f,1.2332330883013598f,0.03380083803648374f,0.6366612939291383f,-0.770402427410835f,0.0329273812134995f,0f,0f,0f,1f], start_interpolation: 0, interpolation_duration: 1 }
$data merge entity $(bone_backpack) { transformation: [-1.0416666666666667f,-4.88179208888156e-17f,1.1785688669663544e-16f,3.514890303994723e-17f,0f,0.9623745130325905f,0.39862857538030183f,0.057090350616535f,-1.2756737491118264e-16f,0.39862857538030183f,-0.9623745130325905f,-0.2870125742738173f,0f,0f,0f,1f], start_interpolation: 0, interpolation_duration: 1 }
$data merge entity $(bone_thorax) { transformation: [-1.0104166666666665f,-4.7353383262151125e-17f,1.1432118009573637e-16f,3.514890303994723e-17f,0f,0.9335032776416125f,0.38666971811889267f,0.057090350616535f,-1.2374035366384712e-16f,0.38666971811889267f,-0.9335032776416125f,-0.2870125742738173f,0f,0f,0f,1f], start_interpolation: 0, interpolation_duration: 1 }
$data merge entity $(bone_leftlegtop) { transformation: [-0.9999827899881194f,0.005350829730003322f,-0.0024058987462492066f,0.11875f,0.005293018359578425f,0.6459465728874928f,-0.7633642701433884f,0.75f,-0.0025305501816515396f,-0.7633638671014652f,-0.6459637781792991f,1.4542680739874818e-17f,0f,0f,0f,1f], start_interpolation: 0, interpolation_duration: 1 }
$data merge entity $(bone_leftlegbottom) { transformation: [-0.9989468262864f,0.03352112394954839f,-0.03133005747661748f,0.11674343885124874f,0.036003026035780115f,0.995954051003178f,-0.08233656785794385f,0.5077700351671902f,0.028443283365253046f,-0.08337783002404092f,-0.9961120002750123f,0.28626145016304944f,0f,0f,0f,1f], start_interpolation: 0, interpolation_duration: 1 }
$data merge entity $(bone_rightlegtop) { transformation: [-0.9990482215818578f,0.037775497555894884f,0.021809693682668104f,-0.11875f,0.04361938736533599f,0.8652011394955537f,0.49952411079092884f,0.75f,-1.223481206754078e-16f,0.5f,-0.8660254037844387f,-1.4542680739874818e-17f,0f,0f,0f,1f], start_interpolation: 0, interpolation_duration: 1 }
$data merge entity $(bone_rightlegbottom) { transformation: [-0.9990482215818578f,0.03573091033094833f,0.025019052760825368f,-0.13291581158346058f,0.04361938736533599f,0.8183723930520604f,0.5730305186777722f,0.4255495726891674f,-1.223481206754078e-16f,0.5735764363510462f,-0.8191520442889919f,-0.18750000000000003f,0f,0f,0f,1f], start_interpolation: 0, interpolation_duration: 1 }