# This file was generated by Animated Java via MC-Build. It is not recommended to edit this file directly.
$data merge entity $(bone_head) { transformation: [-0.999973557578746f,0.000264524812862704f,0.007267335820631506f,-3.403514848099997e-17f,0.002986992979138551f,0.926087674822583f,0.37729656295100833f,1.4466071646539431f,-0.006630385829575143f,0.3773082937974263f,-0.926063976955926f,0.2779180781323772f,0f,0f,0f,1f], start_interpolation: 0, interpolation_duration: 1 }
$data merge entity $(bone_leftarmtop) { transformation: [-0.9457420188613154f,-0.21268381138367193f,-0.24563719208507104f,0.31249999999999994f,-0.3107253410858622f,0.3710182618031327f,0.8750972584893959f,1.3305059705449527f,-0.0949831362253218f,0.9039419482377709f,-0.4169738097877434f,0.23159839844364766f,0f,0f,0f,1f], start_interpolation: 0, interpolation_duration: 1 }
$data merge entity $(bone_leftarmbottom) { transformation: [-0.9457420188613154f,-0.322178729089866f,-0.04210582242590877f,0.39522539093533404f,-0.3107253410858622f,0.8589209829090376f,0.4070681853518491f,1.2474615720031026f,-0.0949831362253218f,0.3980648334638612f,-0.9124267599057967f,0.008581134391246248f,0f,0f,0f,1f], start_interpolation: 0, interpolation_duration: 1 }
$data merge entity $(bone_rightarmtop) { transformation: [-0.8613792695653969f,0.33572474549163955f,0.40774561862187386f,-0.4994843583750409f,0.5242661948678067f,0.44876126532139693f,0.7380380233726088f,0.5576763533443484f,0.06412917557236837f,0.8407401871502815f,-0.556763169425471f,-0.9323354156904577f,0f,0f,0f,1f], start_interpolation: 0, interpolation_duration: 1 }
$data merge entity $(bone_weapon) { transformation: [-1.0025796301159866f,0.4086661585443877f,0.30569765477848376f,-0.6128761447671236f,0.5098008374830308f,0.7706449744169754f,0.6417432738311013f,1.1174615902783387f,0.023710575237476553f,0.7104388040263798f,-0.8719744918032152f,-0.45205229283507586f,0f,0f,0f,1f], start_interpolation: 0, interpolation_duration: 1 }
$data merge entity $(bone_rightarmhand) { transformation: [-0.8911818934364325f,0.3632588075950113f,0.27173124869198556f,-0.5210566728296346f,0.4531562999849163f,0.6850177550373115f,0.5704384656276456f,0.3092692212750684f,0.021076066877756938f,0.6315011591345598f,-0.7750884371584135f,-0.6921201176429885f,0f,0f,0f,1f], start_interpolation: 0, interpolation_duration: 1 }
$data merge entity $(bone_weaponcase) { transformation: [-0.8911818934364325f,0.3632588075950113f,0.27173124869198556f,-0.4187342901540205f,0.4531562999849163f,0.6850177550373115f,0.5704384656276456f,1.2356866738118588f,0.021076066877756938f,0.6315011591345598f,-0.7750884371584135f,0.02556358437262024f,0f,0f,0f,1f], start_interpolation: 0, interpolation_duration: 1 }
$data merge entity $(bone_backpack) { transformation: [-1.0416666666666667f,-4.727103955694441e-17f,1.1848579645230066e-16f,3.403514848099997e-17f,0f,0.9675099509082545f,0.3859973307394128f,0.05339283534605688f,-1.2756737491118264e-16f,0.3859973307394128f,-0.9675099509082545f,-0.2779180781323772f,0f,0f,0f,1f], start_interpolation: 0, interpolation_duration: 1 }
$data merge entity $(bone_thorax) { transformation: [-1.0104166666666665f,-4.5852908370236064e-17f,1.1493122255873163e-16f,3.403514848099997e-17f,0f,0.9384846523810066f,0.3744174108172303f,0.05339283534605688f,-1.2374035366384712e-16f,0.3744174108172303f,-0.9384846523810066f,-0.2779180781323772f,0f,0f,0f,1f], start_interpolation: 0, interpolation_duration: 1 }
$data merge entity $(bone_leftlegtop) { transformation: [-0.9997972407605497f,0.0009869070080472876f,0.02011226944302612f,0.11875f,-0.011402541488192114f,0.7954864887129629f,-0.60586403451825f,0.75f,-0.016596970060871734f,-0.6059705209741466f,-0.7953139432294143f,1.4542680739874818e-17f,0f,0f,0f,1f], start_interpolation: 0, interpolation_duration: 1 }
$data merge entity $(bone_leftlegbottom) { transformation: [-0.9997233539047653f,0.01227465780689134f,-0.020063609673512145f,0.11837990987198226f,0.01191092599882158f,0.9997643441688455f,0.018148993649486744f,0.4516925667326389f,0.02028165425348546f,0.017904996631170678f,-0.9996339658076752f,0.227238945365305f,0f,0f,0f,1f], start_interpolation: 0, interpolation_duration: 1 }
$data merge entity $(bone_rightlegtop) { transformation: [-0.9990482215818578f,0.041304512126354755f,0.014020992551565201f,-0.11875f,0.043619387365336f,0.9460288618343636f,0.3211335261573468f,0.75f,-1.214807589374194e-16f,0.3214394653031616f,-0.9469301294951057f,-1.4542680739874818e-17f,0f,0f,0f,1f], start_interpolation: 0, interpolation_duration: 1 }
$data merge entity $(bone_rightlegbottom) { transformation: [-0.9987832497277003f,0.039900958876425016f,0.028981606996789047f,-0.13423919204738302f,0.04908196317303374f,0.8614105888374142f,0.5055321536063363f,0.3952391768121136f,-0.004793845476801575f,0.5063395213880912f,-0.8623208846630258f,-0.12053979948868561f,0f,0f,0f,1f], start_interpolation: 0, interpolation_duration: 1 }