# This file was generated by Animated Java via MC-Build. It is not recommended to edit this file directly.
$data merge entity $(bone_head) { transformation: [-0.999973557578746f,0.0002645248128627038f,0.0072673358206314966f,-3.403514848099997e-17f,0.002986992979138547f,0.926087674822583f,0.37729656295100833f,1.4466071646539431f,-0.006630385829575134f,0.3773082937974263f,-0.926063976955926f,0.2779180781323772f,0f,0f,0f,1f], start_interpolation: 0, interpolation_duration: 1 }
$data merge entity $(bone_leftarmtop) { transformation: [-0.9457420188613154f,-0.21268381138367176f,-0.24563719208507118f,0.31249999999999994f,-0.3107253410858622f,0.37101826180313235f,0.8750972584893961f,1.3305059705449527f,-0.09498313622532166f,0.9039419482377711f,-0.416973809787743f,0.23159839844364766f,0f,0f,0f,1f], start_interpolation: 0, interpolation_duration: 1 }
$data merge entity $(bone_leftarmbottom) { transformation: [-0.9457420188613154f,-0.32217872908986595f,-0.04210582242590899f,0.395225390935334f,-0.3107253410858622f,0.8589209829090374f,0.4070681853518495f,1.2474615720031028f,-0.09498313622532166f,0.3980648334638617f,-0.9124267599057967f,0.008581134391246192f,0f,0f,0f,1f], start_interpolation: 0, interpolation_duration: 1 }
$data merge entity $(bone_rightarmtop) { transformation: [-0.861379269565397f,0.33572474549163944f,0.40774561862187375f,-0.49948435837504074f,0.5242661948678066f,0.44876126532139704f,0.7380380233726088f,0.5576763533443483f,0.06412917557236832f,0.8407401871502814f,-0.5567631694254711f,-0.9323354156904575f,0f,0f,0f,1f], start_interpolation: 0, interpolation_duration: 1 }
$data merge entity $(bone_weapon) { transformation: [-1.0025796301159866f,0.40866615854438765f,0.3056976547784837f,-0.6128761447671234f,0.5098008374830307f,0.7706449744169758f,0.6417432738311013f,1.1174615902783385f,0.023710575237476512f,0.7104388040263796f,-0.8719744918032153f,-0.45205229283507575f,0f,0f,0f,1f], start_interpolation: 0, interpolation_duration: 1 }
$data merge entity $(bone_rightarmhand) { transformation: [-0.8911818934364326f,0.3632588075950112f,0.2717312486919855f,-0.5210566728296344f,0.4531562999849162f,0.6850177550373118f,0.5704384656276456f,0.30926922127506806f,0.0210760668777569f,0.6315011591345596f,-0.7750884371584136f,-0.6921201176429882f,0f,0f,0f,1f], start_interpolation: 0, interpolation_duration: 1 }
$data merge entity $(bone_weaponcase) { transformation: [-0.8911818934364326f,0.3632588075950112f,0.2717312486919855f,-0.4187342901540205f,0.4531562999849162f,0.6850177550373118f,0.5704384656276456f,1.2356866738118588f,0.0210760668777569f,0.6315011591345596f,-0.7750884371584136f,0.02556358437262027f,0f,0f,0f,1f], start_interpolation: 0, interpolation_duration: 1 }
$data merge entity $(bone_backpack) { transformation: [-1.0416666666666667f,-4.727103955694441e-17f,1.1848579645230066e-16f,3.403514848099997e-17f,0f,0.9675099509082545f,0.3859973307394128f,0.05339283534605688f,-1.2756737491118264e-16f,0.3859973307394128f,-0.9675099509082545f,-0.2779180781323772f,0f,0f,0f,1f], start_interpolation: 0, interpolation_duration: 1 }
$data merge entity $(bone_thorax) { transformation: [-1.0104166666666665f,-4.5852908370236064e-17f,1.1493122255873163e-16f,3.403514848099997e-17f,0f,0.9384846523810066f,0.3744174108172303f,0.05339283534605688f,-1.2374035366384712e-16f,0.3744174108172303f,-0.9384846523810066f,-0.2779180781323772f,0f,0f,0f,1f], start_interpolation: 0, interpolation_duration: 1 }
$data merge entity $(bone_leftlegtop) { transformation: [-0.9997972407605497f,0.000986907008047312f,0.020112269443026076f,0.11875f,-0.011402541488192076f,0.7954864887129626f,-0.6058640345182504f,0.75f,-0.016596970060871703f,-0.605970520974147f,-0.7953139432294138f,1.4542680739874818e-17f,0f,0f,0f,1f], start_interpolation: 0, interpolation_duration: 1 }
$data merge entity $(bone_leftlegbottom) { transformation: [-0.9997233539047653f,0.01227465780689139f,-0.02006360967351215f,0.11837990987198226f,0.011910925998821638f,0.9997643441688453f,0.018148993649486356f,0.451692566732639f,0.020281654253485465f,0.017904996631170234f,-0.999633965807675f,0.22723894536530517f,0f,0f,0f,1f], start_interpolation: 0, interpolation_duration: 1 }
$data merge entity $(bone_rightlegtop) { transformation: [-0.9990482215818578f,0.041304512126354755f,0.014020992551565211f,-0.11875f,0.043619387365336f,0.9460288618343635f,0.321133526157347f,0.75f,-1.223481206754078e-16f,0.3214394653031618f,-0.9469301294951056f,-1.4542680739874818e-17f,0f,0f,0f,1f], start_interpolation: 0, interpolation_duration: 1 }
$data merge entity $(bone_rightlegbottom) { transformation: [-0.9987832497277003f,0.039900958876425016f,0.028981606996789037f,-0.13423919204738302f,0.04908196317303374f,0.8614105888374142f,0.5055321536063363f,0.3952391768121137f,-0.0047938454768015675f,0.5063395213880912f,-0.8623208846630257f,-0.12053979948868569f,0f,0f,0f,1f], start_interpolation: 0, interpolation_duration: 1 }