# This file was generated by Animated Java via MC-Build. It is not recommended to edit this file directly.
$data merge entity $(bone_head) { transformation: [-0.9998942317240234f,0.0004232423862818055f,0.014537751920691785f,-3.2915562174573915e-17f,0.005799711630369353f,0.9282649550904657f,0.3718743557922488f,1.4501853198729013f,-0.013337492644034771f,0.3719193380516506f,-0.9281692287903065f,0.26877596215897526f,0f,0f,0f,1f], start_interpolation: 0, interpolation_duration: 1 }
$data merge entity $(bone_leftarmtop) { transformation: [-0.9455949476332419f,-0.2851355669557875f,-0.15667770571235753f,0.3125f,-0.2974973069602479f,0.5628444766288303f,0.7711688838897861f,1.3334877665607512f,-0.1317024956554982f,0.7758245958882846f,-0.6170499566914284f,0.22397996846581272f,0f,0f,0f,1f], start_interpolation: 0, interpolation_duration: 1 }
$data merge entity $(bone_leftarmbottom) { transformation: [-0.9455949476332419f,-0.3149188610641907f,0.08170866512506161f,0.4133337338524857f,-0.2974973069602479f,0.9386064345587191f,0.1746806038355987f,1.2020734382460514f,-0.1317024956554982f,0.14086898860644353f,-0.9812290154123611f,0.03413952248297589f,0f,0f,0f,1f], start_interpolation: 0, interpolation_duration: 1 }
$data merge entity $(bone_rightarmtop) { transformation: [-0.853123778755749f,0.33596645768889494f,0.4245564717528934f,-0.49368597533832187f,0.539059459107653f,0.45339721543521516f,0.7244223249320354f,0.5497741973785037f,0.0503642526585482f,0.8381523397457928f,-0.5620551020234374f,-0.9321750462372916f,0f,0f,0f,1f], start_interpolation: 0, interpolation_duration: 1 }
$data merge entity $(bone_weapon) { transformation: [-0.9941969905225211f,0.41530686208191003f,0.3236009183294131f,-0.6018813157863128f,0.5264200631975927f,0.7724319229871529f,0.6259838986854311f,1.1171478022427808f,0.008902870267777238f,0.704623399170115f,-0.8769558736008034f,-0.459660445808048f,0f,0f,0f,1f], start_interpolation: 0, interpolation_duration: 1 }
$data merge entity $(bone_rightarmhand) { transformation: [-0.883730658242241f,0.36916165518392f,0.2876452607372561f,-0.5213826635313076f,0.4679289450645268f,0.6866061537663581f,0.5564301321648277f,0.30469645640743814f,0.007913662460246433f,0.6263319103734355f,-0.779516332089603f,-0.6891839933700984f,0f,0f,0f,1f], start_interpolation: 0, interpolation_duration: 1 }
$data merge entity $(bone_weaponcase) { transformation: [-0.883730658242241f,0.36916165518392f,0.2876452607372561f,-0.40985821522016785f,0.4679289450645268f,0.6866061537663581f,0.5564301321648277f,1.2379789542605222f,0.007913662460246433f,0.6263319103734355f,-0.779516332089603f,0.018159727270726206f,0f,0f,0f,1f], start_interpolation: 0, interpolation_duration: 1 }
$data merge entity $(bone_backpack) { transformation: [-1.0416666666666667f,-4.5716058575797105e-17f,1.1909440427671032e-16f,3.2915562174573915e-17f,0f,0.9724796109345852f,0.3732999474430212f,0.049814680127098665f,-1.2756737491118264e-16f,0.3732999474430212f,-0.9724796109345852f,-0.26877596215897526f,0f,0f,0f,1f], start_interpolation: 0, interpolation_duration: 1 }
$data merge entity $(bone_thorax) { transformation: [-1.0104166666666665f,-4.4344576818523185e-17f,1.15521572148409e-16f,3.2915562174573915e-17f,0f,0.9433052226065475f,0.3621009490197305f,0.049814680127098665f,-1.2374035366384712e-16f,0.3621009490197305f,-0.9433052226065475f,-0.26877596215897526f,0f,0f,0f,1f], start_interpolation: 0, interpolation_duration: 1 }
$data merge entity $(bone_leftlegtop) { transformation: [-0.9991352250621491f,-0.012618541695240647f,0.03961785513495102f,0.11875f,-0.028084870639561197f,0.9074325648551885f,-0.41925813084720626f,0.75f,-0.030660105694005776f,-0.4200082292596414f,-0.9070022300264828f,1.4542680739874818e-17f,0f,0f,0f,1f], start_interpolation: 0, interpolation_duration: 1 }
$data merge entity $(bone_leftlegbottom) { transformation: [-0.9998578277624209f,-0.011962548081765428f,-0.011883673910220119f,0.12348195313571524f,-0.013289773942181938f,0.9928368572761705f,0.11873650130664415f,0.4097127881793043f,0.010378158351976436f,0.11887755161244051f,-0.9928546829983997f,0.15750308597236554f,0f,0f,0f,1f], start_interpolation: 0, interpolation_duration: 1 }
$data merge entity $(bone_rightlegtop) { transformation: [-0.9990482215818578f,0.04324621745963607f,0.005693472539768854f,-0.11875f,0.04361938736533599f,0.9905012255519768f,0.13040196020729417f,0.75f,-1.223481206754078e-16f,0.13052619222005152f,-0.9914448613738104f,-1.4542680739874818e-17f,0f,0f,0f,1f], start_interpolation: 0, interpolation_duration: 1 }
$data merge entity $(bone_rightlegbottom) { transformation: [-0.9985562179532435f,0.04219814692747634f,0.03323847142697417f,-0.1349673315473635f,0.05246306958654417f,0.8990274534506901f,0.4347381559876297f,0.37856204041800867f,-0.011537153742239981f,0.43585428108239843f,-0.899943298072536f,-0.04894732208251933f,0f,0f,0f,1f], start_interpolation: 0, interpolation_duration: 1 }