# This file was generated by Animated Java via MC-Build. It is not recommended to edit this file directly.
$data merge entity $(bone_head) { transformation: [-0.9995769494401207f,0.0004232109401265327f,0.02908166158393729f,-3.065966262705515e-17f,0.010895775415548497f,0.9325283847265107f,0.36093225646575144f,1.456981118319134f,-0.026966724422451196f,0.36109643112590467f,-0.9321384892826057f,0.25035514442532825f,0f,0f,0f,1f], start_interpolation: 0, interpolation_duration: 1 }
$data merge entity $(bone_leftarmtop) { transformation: [-0.9399943421369954f,-0.33466247375589825f,0.06642036893920472f,0.3125f,-0.27242694691956926f,0.8533915478207272f,0.44441694915948654f,1.3391509319326116f,-0.20541225704061472f,0.3996547194363231f,-0.8933543025528865f,0.20862928702110686f,0f,0f,0f,1f], start_interpolation: 0, interpolation_duration: 1 }
$data merge entity $(bone_leftarmbottom) { transformation: [-0.9399943421369954f,-0.18134689849351487f,0.289005085002358f,0.42554044163075566f,-0.27242694691956926f,0.9088899882067496f,-0.31575710273819124f,1.1343163870686663f,-0.20541225704061472f,-0.3755426630148927f,-0.9037552284292263f,0.11513474019454531f,0f,0f,0f,1f], start_interpolation: 0, interpolation_duration: 1 }
$data merge entity $(bone_rightarmtop) { transformation: [-0.8358974317242693f,0.33585575300574655f,0.4576223738930287f,-0.47629361741726717f,0.5672319931145482f,0.4632659737473662f,0.6961137434593425f,0.5332945574162322f,0.021568261446978605f,0.8327829195046121f,-0.5717947703130094f,-0.931312911102792f,0f,0f,0f,1f], start_interpolation: 0, interpolation_duration: 1 }
$data merge entity $(bone_weapon) { transformation: [-0.9765622088816039f,0.42784292792154716f,0.35902880276072646f,-0.574213599747372f,0.558087052946515f,0.7761436955186817f,0.5930976355036983f,1.1155161856032394f,-0.022138055871208265f,0.6929476119694202f,-0.8859788448648881f,-0.4748934334926759f,0f,0f,0f,1f], start_interpolation: 0, interpolation_duration: 1 }
$data merge entity $(bone_rightarmhand) { transformation: [-0.8680552967836479f,0.380304824819153f,0.3191367135650902f,-0.5161775259589225f,0.4960773803969022f,0.689905507127717f,0.5271978982255097f,0.2954013854530809f,-0.019678271885518458f,0.6159534328617069f,-0.7875367509910116f,-0.6829362415007567f,0f,0f,0f,1f], start_interpolation: 0, interpolation_duration: 1 }
$data merge entity $(bone_weaponcase) { transformation: [-0.8680552967836479f,0.380304824819153f,0.3191367135650902f,-0.3867286063067544f,0.4960773803969022f,0.689905507127717f,0.5271978982255097f,1.2420716804831977f,-0.019678271885518458f,0.6159534328617069f,-0.7875367509910116f,0.003246964508016509f,0f,0f,0f,1f], start_interpolation: 0, interpolation_duration: 1 }
$data merge entity $(bone_backpack) { transformation: [-1.0416666666666667f,-4.2582864759798826e-17f,1.2025030050099215e-16f,3.065966262705515e-17f,0f,0.9819182198876859f,0.34771547836851147f,0.043018881680866206f,-1.2756737491118264e-16f,0.34771547836851147f,-0.9819182198876859f,-0.25035514442532825f,0f,0f,0f,1f], start_interpolation: 0, interpolation_duration: 1 }
$data merge entity $(bone_thorax) { transformation: [-1.0104166666666665f,-4.130537881700485e-17f,1.1664279148596237e-16f,3.065966262705515e-17f,0f,0.9524606732910551f,0.337284014017456f,0.043018881680866206f,-1.2374035366384712e-16f,0.337284014017456f,-0.9524606732910551f,-0.25035514442532825f,0f,0f,0f,1f], start_interpolation: 0, interpolation_duration: 1 }
$data merge entity $(bone_leftlegtop) { transformation: [-0.9963847665825839f,-0.06152611375388834f,0.05858271288113499f,0.11875f,-0.06135165348444111f,0.9981047972996704f,0.004773701091279153f,0.75f,-0.05876539404185914f,0.001162296746707305f,-0.9982711442936621f,1.4542680739874818e-17f,0f,0f,0f,1f], start_interpolation: 0, interpolation_duration: 1 }
$data merge entity $(bone_leftlegbottom) { transformation: [-0.9977481406913561f,-0.06679556581827216f,-0.00608277354165377f,0.14182229265770813f,-0.06529522663301662f,0.9465793804192366f,0.3157910859161114f,0.3757107010126236f,-0.015335616253844109f,0.315477144896664f,-0.9488092484382539f,-0.0004358612800152249f,0f,0f,0f,1f], start_interpolation: 0, interpolation_duration: 1 }
$data merge entity $(bone_rightlegtop) { transformation: [-0.9990482215818578f,0.04213309278308515f,-0.011289528185853107f,-0.11875f,0.043619387365336f,0.9650064789340801f,-0.2585727067211881f,0.75f,-1.240828441513846e-16f,-0.2588190451025209f,-0.9659258262890682f,-1.4542680739874818e-17f,0f,0f,0f,1f], start_interpolation: 0, interpolation_duration: 1 }
$data merge entity $(bone_rightlegbottom) { transformation: [-0.9982970160880464f,0.04094204059723415f,0.04155498744359651f,-0.13454990979365694f,0.051125505758198214f,0.9570914730760578f,0.2852404158356071f,0.38812257039972f,-0.028093599460935495f,0.28687917574622934f,-0.9575547442274475f,0.09705714191344532f,0f,0f,0f,1f], start_interpolation: 0, interpolation_duration: 1 }