# This file was generated by Animated Java via MC-Build. It is not recommended to edit this file directly.
$data merge entity $(bone_head) { transformation: [-0.9990482207755329f,4.023395989087441e-8f,0.04361940583318856f,-2.838275047825613e-17f,0.015275876473351805f,0.9366721812404123f,0.3498740809038292f,1.4632923872213652f,-0.04085706992936375f,0.3502074026777942f,-0.9357806767327803f,0.2317627457812106f,0f,0f,0f,1f], start_interpolation: 0, interpolation_duration: 1 }
$data merge entity $(bone_leftarmtop) { transformation: [-0.9273680588023698f,-0.24407013415052406f,0.2835811226595829f,0.3125f,-0.24932352188682497f,0.9682527920457087f,0.01800866818060748f,1.344410322684471f,-0.2789735918453109f,-0.05400278058984098f,-0.9587791376232022f,0.19313562148434218f,0f,0f,0f,1f], start_interpolation: 0, interpolation_duration: 1 }
$data merge entity $(bone_leftarmbottom) { transformation: [-0.9273680588023698f,0.06035048506032645f,0.36925100198389105f,0.4024977853752051f,-0.24932352188682497f,0.6361763379591068f,-0.7301489221075999f,1.110138484732007f,-0.2789735918453109f,-0.7691797488064305f,-0.5749228201063185f,0.2153542413769684f,0f,0f,0f,1f], start_interpolation: 0, interpolation_duration: 1 }
$data merge entity $(bone_rightarmtop) { transformation: [-0.817751227090329f,0.3349991166877602f,0.48989831872385453f,-0.4685873359801493f,0.5934195227489447f,0.4739523225558802f,0.6664565298967962f,0.5159124643355582f,-0.00883407552908068f,0.8270952956220249f,-0.5803250566253702f,-0.9296639327036463f,0f,0f,0f,1f], start_interpolation: 0, interpolation_duration: 1 }
$data merge entity $(bone_weapon) { transformation: [-0.9578075508611913f,0.43941461714330704f,0.3938838531268929f,-0.5563795308840055f,0.5875424001445089f,0.7800819877043745f,0.5584720409220338f,1.112524336048435f,-0.05498748535545587f,0.6811841797194009f,-0.8936383439369029f,-0.4900778866837911f,0f,0f,0f,1f], start_interpolation: 0, interpolation_duration: 1 }
$data merge entity $(bone_rightarmhand) { transformation: [-0.8513844896543923f,0.3905907707940507f,0.3501189805572381f,-0.5205538532759213f,0.5222599112395634f,0.6934062112927774f,0.4964195919306968f,0.2858881175729987f,-0.048877764760405215f,0.6054970486394675f,-0.7943451946105804f,-0.6761621804287297f,0f,0f,0f,1f], start_interpolation: 0, interpolation_duration: 1 }
$data merge entity $(bone_weaponcase) { transformation: [-0.8513844896543923f,0.3905907707940507f,0.3501189805572381f,-0.37380265445131167f,0.5222599112395634f,0.6934062112927774f,0.4964195919306968f,1.2454969497659731f,-0.048877764760405215f,0.6054970486394675f,-0.7943451946105804f,-0.011779732345718108f,0f,0f,0f,1f], start_interpolation: 0, interpolation_duration: 1 }
$data merge entity $(bone_backpack) { transformation: [-1.0416666666666667f,-3.942048677535574e-17f,1.2132378317594713e-16f,2.838275047825613e-17f,0f,0.990683871140785f,0.3218927024739036f,0.03670761277863488f,-1.2756737491118264e-16f,0.3218927024739036f,-0.990683871140785f,-0.2317627457812106f,0f,0f,0f,1f], start_interpolation: 0, interpolation_duration: 1 }
$data merge entity $(bone_thorax) { transformation: [-1.0104166666666665f,-3.823787217209506e-17f,1.176840696806687e-16f,2.838275047825613e-17f,0f,0.9609633550065613f,0.3122359213996864f,0.03670761277863488f,-1.2374035366384712e-16f,0.3122359213996864f,-0.9609633550065613f,-0.2317627457812106f,0f,0f,0f,1f], start_interpolation: 0, interpolation_duration: 1 }
$data merge entity $(bone_leftlegtop) { transformation: [-0.9917418234032219f,-0.12238755787714203f,0.038333293489105684f,0.11875f,-0.09439130885120539f,0.8988957374373638f,0.4278746709379911f,0.75f,-0.08682417017287904f,0.42072287659908275f,-0.9030248194706411f,1.4542680739874818e-17f,0f,0f,0f,1f], start_interpolation: 0, interpolation_duration: 1 }
$data merge entity $(bone_leftlegbottom) { transformation: [-0.9919983313968372f,-0.1252628609734321f,-0.015764712704055467f,0.16464533420392824f,-0.11631144000627172f,0.8581834208636562f,0.4999928650275123f,0.4129140984609886f,-0.04910152166235022f,0.4978257042535101f,-0.8658860252683019f,-0.157771078724656f,0f,0f,0f,1f], start_interpolation: 0, interpolation_duration: 1 }
$data merge entity $(bone_rightlegtop) { transformation: [-0.9990482215818578f,0.03460558666774669f,-0.02655380058500678f,-0.11875f,0.04361938736533599f,0.7925982437039849f,-0.6081820230187928f,0.75f,-1.2061339719943099e-16f,-0.6087614290087208f,-0.7933533402912352f,-1.4542680739874818e-17f,0f,0f,0f,1f], start_interpolation: 0, interpolation_duration: 1 }
$data merge entity $(bone_rightlegbottom) { transformation: [-0.9983456904716287f,0.031966111414070714f,0.04779173608261482f,-0.131727095000405f,0.03788990121837256f,0.9909615429200245f,0.12868401547677283f,0.45277565861100566f,-0.04324624495131406f,0.13028195644304513f,-0.9905333786011371f,0.22828553587827025f,0f,0f,0f,1f], start_interpolation: 0, interpolation_duration: 1 }