# This file was generated by Animated Java via MC-Build. It is not recommended to edit this file directly.
$data merge entity $(bone_head) { transformation: [-0.9993390099179777f,0.00026449556857069346f,0.036352074194607197f,-2.9523735922736514e-17f,0.013176041480041667f,0.9346151244772719f,0.35541660207318665f,1.4601975971213292f,-0.03388119223215501f,0.3556606516617039f,-0.9340008381540671f,0.2410795989773712f,0f,0f,0f,1f], start_interpolation: 0, interpolation_duration: 1 }
$data merge entity $(bone_leftarmtop) { transformation: [-0.9345540391891897f,-0.30643044392405555f,0.18085665835593925f,0.3125f,-0.2606218419293959f,0.9355458945906099f,0.23839071840989196f,1.3418313309344412f,-0.24224987790399322f,0.1756538133692569f,-0.954180661355248f,0.20089966581447602f,0f,0f,0f,1f], start_interpolation: 0, interpolation_duration: 1 }
$data merge entity $(bone_leftarmbottom) { transformation: [-0.9345540391891897f,-0.06860923412620179f,0.34914398294655846f,0.4183124247056761f,-0.2606218419293959f,0.8000308862192721f,-0.540395074556139f,1.1160892898470824f,-0.24224987790399322f,-0.5960229476184806f,-0.7655531611636636f,0.16455652115666158f,0f,0f,0f,1f], start_interpolation: 0, interpolation_duration: 1 }
$data merge entity $(bone_rightarmtop) { transformation: [-0.8269366936586093f,0.3355171446964546f,0.47386262837818643f,-0.469923637584838f,0.58058116732151f,0.4685055729222103f,0.6814468993033879f,0.524716169641894f,0.006561486899904524f,0.8299835022657663f,-0.5762171232565834f,-0.9305917455883932f,0f,0f,0f,1f], start_interpolation: 0, interpolation_duration: 1 }
$data merge entity $(bone_weapon) { transformation: [-0.9673218152018448f,0.43374701028946777f,0.37653291609042167f,-0.5627619871935459f,0.573099684752737f,0.7780814972156708f,0.5759956033052105f,1.1141916563555436f,-0.03834393264809281f,0.6870791182648244f,-0.8899870943297492f,-0.48249713703369723f,0f,0f,0f,1f], start_interpolation: 0, interpolation_duration: 1 }
$data merge entity $(bone_rightarmhand) { transformation: [-0.8598416135127509f,0.38555289803508247f,0.33469592541370813f,-0.5158635907913287f,0.5094219420024328f,0.6916279975250407f,0.5119960918268538f,0.29067325509184117f,-0.03408349568719361f,0.6107369940131773f,-0.7910996394042216f,-0.6796170610519857f,0f,0f,0f,1f], start_interpolation: 0, interpolation_duration: 1 }
$data merge entity $(bone_weaponcase) { transformation: [-0.8598416135127509f,0.38555289803508247f,0.33469592541370813f,-0.377687135146869f,0.5094219420024328f,0.6916279975250407f,0.5119960918268538f,1.2438685448708482f,-0.03408349568719361f,0.6107369940131773f,-0.7910996394042216f,-0.004254144429634149f,0f,0f,0f,1f], start_interpolation: 0, interpolation_duration: 1 }
$data merge entity $(bone_backpack) { transformation: [-1.0416666666666667f,-4.1005188781578494e-17f,1.2079739084399687e-16f,2.9523735922736514e-17f,0f,0.9863855515574018f,0.33483277635746f,0.03980240287867076f,-1.2756737491118264e-16f,0.33483277635746f,-0.9863855515574018f,-0.2410795989773712f,0f,0f,0f,1f], start_interpolation: 0, interpolation_duration: 1 }
$data merge entity $(bone_thorax) { transformation: [-1.0104166666666665f,-3.977503311813113e-17f,1.1717346911867694e-16f,2.9523735922736514e-17f,0f,0.9567939850106796f,0.32478779306673616f,0.03980240287867076f,-1.2374035366384712e-16f,0.32478779306673616f,-0.9567939850106796f,-0.2410795989773712f,0f,0f,0f,1f], start_interpolation: 0, interpolation_duration: 1 }
$data merge entity $(bone_leftlegtop) { transformation: [-0.9942989266306886f,-0.09199429619313955f,0.053913764188651105f,0.11875f,-0.07790709498707964f,0.9719897393203492f,0.22173504731240357f,0.75f,-0.07280198521836283f,0.21627065479137159f,-0.9736153628740545f,1.4542680739874818e-17f,0f,0f,0f,1f], start_interpolation: 0, interpolation_duration: 1 }
$data merge entity $(bone_leftlegbottom) { transformation: [-0.9953455723065634f,-0.09595603984867358f,-0.008923570265291225f,0.15324786107242733f,-0.09116333432154461f,0.9074985846208318f,0.4100433701287769f,0.38550384775486907f,-0.031248010578244993f,0.408948355330776f,-0.9120223706177143f,-0.08110149554676434f,0f,0f,0f,1f], start_interpolation: 0, interpolation_duration: 1 }
$data merge entity $(bone_rightlegtop) { transformation: [-0.9990482215818578f,0.03912103953032526f,-0.019292361705969603f,-0.11875f,0.043619387365336f,0.8960191174134774f,-0.44186772938906255f,0.75f,-1.223481206754078e-16f,-0.44228869021900136f,-0.8968727415326883f,-1.4542680739874818e-17f,0f,0f,0f,1f], start_interpolation: 0, interpolation_duration: 1 }
$data merge entity $(bone_rightlegbottom) { transformation: [-0.9982840060207545f,0.03738957511966297f,0.04506731626717082f,-0.13342038982387197f,0.04596867228528328f,0.9771375568379108f,0.20757908417074894f,0.413992830969946f,-0.03627567354967168f,0.20929456440435745f,-0.977179543799044f,0.1658582588321255f,0f,0f,0f,1f], start_interpolation: 0, interpolation_duration: 1 }