# This file was generated by Animated Java via MC-Build. It is not recommended to edit this file directly.
$data merge entity $(bone_head) { transformation: [-0.9997620266628751f,0.0004761358923123831f,0.021809707415568085f,-3.179033595601901e-17f,0.008436498771979484f,0.9304117507568602f,0.3664188853512121f,1.4536435019418632f,-0.020117542877076768f,0.3665156849961082f,-0.9301943544875031f,0.2595877928081197f,0f,0f,0f,1f], start_interpolation: 0, interpolation_duration: 1 }
$data merge entity $(bone_leftarmtop) { transformation: [-0.9436774021630467f,-0.32714274241883873f,-0.049503401191077503f,0.3125f,-0.2847245004405148f,0.7267198209876038f,0.6251481909376724f,1.3363695849515524f,-0.16853759074966854f,0.6040330519652268f,-0.7789346266779202f,0.21632316067343313f,0f,0f,0f,1f], start_interpolation: 0, interpolation_duration: 1 }
$data merge entity $(bone_leftarmbottom) { transformation: [-0.9436774021630467f,-0.26632904225433396f,0.19632066090631578f,0.4237756044223049f,-0.2847245004405148f,0.9559150385015394f,-0.07182198838447784f,1.1635872703434176f,-0.16853759074966854f,-0.12367408951955111f,-0.9779058237303874f,0.07058169739305356f,0f,0f,0f,1f], start_interpolation: 0, interpolation_duration: 1 }
$data merge entity $(bone_rightarmtop) { transformation: [-0.8446281703402301f,0.3360078475063241f,0.4411845651874729f,-0.4850850851611122f,0.5533864698718032f,0.45823090208455153f,0.71044330921994f,0.5416471811235637f,0.03617332039385626f,0.8355028468334039f,-0.5670699463935102f,-0.931837410396928f,0f,0f,0f,1f], start_interpolation: 0, interpolation_duration: 1 }
$data merge entity $(bone_weapon) { transformation: [-0.985522589023828f,0.42169770044959115f,0.34138142298505025f,-0.5881236033968356f,0.5425213960815273f,0.7742626117490642f,0.6097646618501831f,1.1165005321123382f,-0.006384459062553102f,0.6987942883875373f,-0.8816296167889517f,-0.4672776452138978f,0f,0f,0f,1f], start_interpolation: 0, interpolation_duration: 1 }
$data merge entity $(bone_rightarmhand) { transformation: [-0.8760200791322916f,0.37484240039963657f,0.30345015376448914f,-0.5188867812496439f,0.4822412409613576f,0.6882334326658348f,0.5420130327557183f,0.30007487404043565f,-0.0056750747222694235f,0.6211504785666998f,-0.7836707704790682f,-0.6861239121476038f,0f,0f,0f,1f], start_interpolation: 0, interpolation_duration: 1 }
$data merge entity $(bone_weaponcase) { transformation: [-0.8760200791322916f,0.37484240039963657f,0.30345015376448914f,-0.39832098300177804f,0.4822412409613576f,0.6882334326658348f,0.5420130327557183f,1.2401079123699665f,-0.0056750747222694235f,0.6211504785666998f,-0.7836707704790682f,0.010719569304153409f,0f,0f,0f,1f], start_interpolation: 0, interpolation_duration: 1 }
$data merge entity $(bone_backpack) { transformation: [-1.0416666666666667f,-4.4153244383359745e-17f,1.1968260588804683e-16f,3.179033595601901e-17f,0f,0.977282641585921f,0.3605386011223885f,0.04635649805813691f,-1.2756737491118264e-16f,0.3605386011223885f,-0.977282641585921f,-0.2595877928081197f,0f,0f,0f,1f], start_interpolation: 0, interpolation_duration: 1 }
$data merge entity $(bone_thorax) { transformation: [-1.0104166666666665f,-4.282864705185894e-17f,1.160921277114054e-16f,3.179033595601901e-17f,0f,0.9479641623383432f,0.3497224430887168f,0.04635649805813691f,-1.2374035366384712e-16f,0.3497224430887168f,-0.9479641623383432f,-0.2595877928081197f,0f,0f,0f,1f], start_interpolation: 0, interpolation_duration: 1 }
$data merge entity $(bone_leftlegtop) { transformation: [-0.9979973742068512f,-0.034155666987898264f,0.05324125739351095f,0.11875f,-0.044739416676896224f,0.9761578731492322f,-0.21240101526164742f,0.75f,-0.04471717423587217f,-0.2143576383089236f,-0.9757310988315271f,1.4542680739874818e-17f,0f,0f,0f,1f], start_interpolation: 0, interpolation_duration: 1 }
$data merge entity $(bone_leftlegbottom) { transformation: [-0.9992311643891165f,-0.03855120328267308f,-0.007133360991039721f,0.13155837512046184f,-0.0391783869826883f,0.9750902953252213f,0.21832079597694634f,0.38394079756903793f,-0.0014608583111279314f,0.21843241675179695f,-0.9758509851432051f,0.08038411436584636f,0f,0f,0f,1f], start_interpolation: 0, interpolation_duration: 1 }
$data merge entity $(bone_rightlegtop) { transformation: [-0.9990482215818578f,0.04352599490870174f,-0.002852844428794612f,-0.11875f,0.043619387365336f,0.9969091826511144f,-0.06534087994326272f,0.75f,-1.223481206754078e-16f,-0.06540312923014295f,-0.9978589232386035f,-1.4542680739874818e-17f,0f,0f,0f,1f], start_interpolation: 0, interpolation_duration: 1 }
$data merge entity $(bone_rightlegbottom) { transformation: [-0.9983894184736404f,0.04255287108989544f,0.037520957368823f,-0.13507224809076315f,0.05325229932060459f,0.9309912724923596f,0.36113632212798236f,0.3761590565058321f,-0.019564296484541114f,0.3625527598916657f,-0.9317578733759114f,0.02452617346130359f,0f,0f,0f,1f], start_interpolation: 0, interpolation_duration: 1 }