# This file was generated by Animated Java via MC-Build. It is not recommended to edit this file directly.
$data merge entity $(bone_head) { transformation: [-0.9961946980917455f,-0.04357787137382916f,0.07547908730517344f,-0.03512155983262001f,0f,0.8660254037844386f,0.5000000000000002f,1.2262935843596643f,-0.0871557427476583f,0.49809734904587294f,-0.8627299156628209f,0.40144126584140805f,0f,0f,0f,1f], start_interpolation: 0, interpolation_duration: 1 }
$data merge entity $(bone_leftarmtop) { transformation: [-0.9015035142525862f,-0.377796636058297f,0.21109503919626268f,0.28204287662648714f,-0.3140761176932387f,0.9067181151019942f,0.2814577269158368f,1.1208696536330534f,-0.2977374784688348f,0.18743521955310738f,-0.9360664679316841f,0.3617705578098166f,0f,0f,0f,1f], start_interpolation: 0, interpolation_duration: 1 }
$data merge entity $(bone_leftarmbottom) { transformation: [-0.9015035142525862f,-0.3231520184991702f,0.28786140194570886f,0.4046640204614547f,-0.3140761176932387f,0.9461438771109487f,0.07853633617762412f,0.9040050035354685f,-0.2977374784688348f,-0.019609608496190478f,-0.9544463615990405f,0.32421604912369084f,0f,0f,0f,1f], start_interpolation: 0, interpolation_duration: 1 }
$data merge entity $(bone_rightarmtop) { transformation: [-0.9131316151397244f,0.2549045956814572f,0.34950842738132754f,-0.4050474506680767f,0.43175383183260413f,0.5877066705767912f,0.699379252148063f,0.187571762178264f,-0.0268537224227711f,0.7813874562198918f,-0.640042468225371f,-0.7477278901532698f,0f,0f,0f,1f], start_interpolation: 0, interpolation_duration: 1 }
$data merge entity $(bone_weapon) { transformation: [-1.1164747872429748f,0.13308921174362015f,0.037367247265700884f,-0.5857368760646102f,0.12426433900563097f,0.8330467723312048f,0.7457992016354369f,0.8310925885520811f,0.06055925612363321f,0.7442750411145219f,-0.8414346318471382f,-0.36774050316652673f,0f,0f,0f,1f], start_interpolation: 0, interpolation_duration: 1 }
$data merge entity $(bone_rightarmhand) { transformation: [-0.9924220331048665f,0.11830152154988458f,0.03321533090284523f,-0.22383330983100752f,0.11045719022722753f,0.7404860198499599f,0.6629326236759439f,0.11779447372469087f,0.053830449887673965f,0.6615778143240195f,-0.7479418949752339f,-0.6496445460270212f,0f,0f,0f,1f], start_interpolation: 0, interpolation_duration: 1 }
$data merge entity $(bone_weaponcase) { transformation: [-0.9924220331048665f,0.11830152154988458f,0.03321533090284523f,-0.43188917196718524f,0.11045719022722753f,0.7404860198499599f,0.6629326236759439f,0.9888109051965052f,0.053830449887673965f,0.6615778143240195f,-0.7479418949752339f,0.11313471223638871f,0f,0f,0f,1f], start_interpolation: 0, interpolation_duration: 1 }
$data merge entity $(bone_backpack) { transformation: [-1.037702810512235f,-0.04877994421197224f,0.07656917488212861f,0.03512155983262001f,0f,0.8785327560550893f,0.5596870920279418f,-0.03879358435966418f,-0.09078723202881074f,0.5575573136686224f,-0.8751896736820088f,-0.40144126584140805f,0f,0f,0f,1f], start_interpolation: 0, interpolation_duration: 1 }
$data merge entity $(bone_thorax) { transformation: [-1.0065717261968679f,-0.04731654588561306f,0.07427209963566474f,0.03512155983262001f,0f,0.8521767733734363f,0.5428964792671034f,-0.03879358435966418f,-0.0880636150679464f,0.5408305942585635f,-0.8489339834715484f,-0.40144126584140805f,0f,0f,0f,1f], start_interpolation: 0, interpolation_duration: 1 }
$data merge entity $(bone_leftlegtop) { transformation: [-0.9917418234032219f,0.038333293489108605f,0.12238755787714115f,0.11875f,-0.09439130885120542f,0.4278746709379695f,-0.8988957374373744f,0.59375f,-0.08682417017287906f,-0.9030248194706515f,-0.42072287659906105f,1.4542680739874818e-17f,0f,0f,0f,1f], start_interpolation: 0, interpolation_duration: 1 }
$data merge entity $(bone_leftlegbottom) { transformation: [-0.9962617926401091f,-0.06981895746858921f,0.05086996858182384f,0.10437501494158427f,-0.05686806996152717f,0.9733450778977865f,0.22218321707771607f,0.4332969983982614f,-0.06502663411531667f,0.21845977320813997f,-0.9736769815218401f,0.3386343073014943f,0f,0f,0f,1f], start_interpolation: 0, interpolation_duration: 1 }
$data merge entity $(bone_rightlegtop) { transformation: [-0.9990482215818578f,0.035730910330948336f,0.025019052760825368f,-0.11875f,0.043619387365336f,0.8183723930520604f,0.5730305186777722f,0.59375f,-1.223481206754078e-16f,0.573576436351046f,-0.8191520442889918f,-1.4542680739874818e-17f,0f,0f,0f,1f], start_interpolation: 0, interpolation_duration: 1 }
$data merge entity $(bone_rightlegbottom) { transformation: [-0.9990482215818578f,0.033414389303469724f,0.028038001740555655f,-0.13214909137410563f,0.043619387365336f,0.7653153385506796f,0.6421758183121905f,0.2868603526054773f,-1.223481206754078e-16f,0.6427876096865393f,-0.766044443118978f,-0.2150911636316423f,0f,0f,0f,1f], start_interpolation: 0, interpolation_duration: 1 }
execute on vehicle unless entity @s[tag=aj.transforms_only] at @s run function animated_java:anby_demara/animations/dash_forward/zzz/frames/zzz/0