# This file was generated by Animated Java via MC-Build. It is not recommended to edit this file directly.
$data merge entity $(bone_head) { transformation: [-0.9961946980917455f,-0.04718456382894931f,0.07327851274533212f,-0.037752013809316365f,3.469446951953614e-18f,0.8407766423091031f,0.5413821549953698f,1.1956045718196222f,-0.0871557427476583f,0.539322032447871f,-0.8375772333477085f,0.431507492375054f,0f,0f,0f,1f], start_interpolation: 0, interpolation_duration: 1 }
$data merge entity $(bone_leftarmtop) { transformation: [-0.900199255722003f,-0.39843784300548307f,0.1757514872161543f,0.27985083164590685f,-0.3031406692480162f,0.8630840026736909f,0.4039699728650948f,1.0935593654052407f,-0.3126452216897243f,0.3103760454511568f,-0.8977302912148419f,0.3868257465878549f,0f,0f,0f,1f], start_interpolation: 0, interpolation_duration: 1 }
$data merge entity $(bone_leftarmbottom) { transformation: [-0.900199255722003f,-0.35095369116962016f,0.25782320813295867f,0.4075915191385902f,-0.3031406692480162f,0.9300605705889213f,0.20758870316969366f,0.8872615106508185f,-0.3126452216897243f,0.1087144962285583f,-0.9436281702367486f,0.3190018984028696f,0f,0f,0f,1f], start_interpolation: 0, interpolation_duration: 1 }
$data merge entity $(bone_rightarmtop) { transformation: [-0.9149498354999213f,0.252499695308379f,0.3464859920193317f,-0.4034045115244072f,0.4286861057693299f,0.5503689841949129f,0.7309336797783804f,0.21202030265463856f,-0.006071368607775303f,0.8088755932671061f,-0.6054958739560437f,-0.7665067704956663f,0f,0f,0f,1f], start_interpolation: 0, interpolation_duration: 1 }
$data merge entity $(bone_weapon) { transformation: [-1.1169835087297229f,0.12964535121854687f,0.03413098494413446f,-0.5867716457171069f,0.11647891406568217f,0.7966980045796538f,0.7857034759226138f,0.8356767887381865f,0.06637396932470241f,0.7836385470395248f,-0.8044439842461785f,-0.35591303191717755f,0f,0f,0f,1f], start_interpolation: 0, interpolation_duration: 1 }
$data merge entity $(bone_rightarmhand) { transformation: [-0.9928742299819759f,0.1152403121942639f,0.030338653283675077f,-0.22188725833296397f,0.10353681250282859f,0.7081760040708034f,0.69840308970899f,0.13835514541052385f,0.058999083844179914f,0.6965675973684665f,-0.7150613193299364f,-0.6718880164335259f,0f,0f,0f,1f], start_interpolation: 0, interpolation_duration: 1 }
$data merge entity $(bone_weaponcase) { transformation: [-0.9928742299819759f,0.1152403121942639f,0.030338653283675077f,-0.4335424236707213f,0.10353681250282859f,0.7081760040708034f,0.69840308970899f,0.970643929288025f,0.058999083844179914f,0.6965675973684665f,-0.7150613193299364f,0.1320314656774357f,0f,0f,0f,1f], start_interpolation: 0, interpolation_duration: 1 }
$data merge entity $(bone_backpack) { transformation: [-1.037702810512235f,-0.052433352512939395f,0.07411521465736269f,0.037752013809316365f,3.614007241618348e-18f,0.8503767201198457f,0.6016052512425888f,-0.028937905152955468f,-0.09078723202881074f,0.5993159616320195f,-0.8471407799640385f,-0.431507492375054f,0f,0f,0f,1f], start_interpolation: 0, interpolation_duration: 1 }
$data merge entity $(bone_thorax) { transformation: [-1.0065717261968679f,-0.0508603519375512f,0.07189175821764181f,0.037752013809316365f,3.505587024369797e-18f,0.8248654185162502f,0.583557093705311f,-0.028937905152955468f,-0.0880636150679464f,0.5813364827830587f,-0.8217265565651172f,-0.431507492375054f,0f,0f,0f,1f], start_interpolation: 0, interpolation_duration: 1 }
$data merge entity $(bone_leftlegtop) { transformation: [-0.9917418234032218f,0.03355884203783462f,0.12378190430726364f,0.11875f,-0.09439130885120595f,0.4624079048034906f,-0.8816287259320684f,0.5833333333333334f,-0.08682417017287963f,-0.8860320161801861f,-0.45542159564239504f,1.4542680739874818e-17f,0f,0f,0f,1f], start_interpolation: 0, interpolation_duration: 1 }
$data merge entity $(bone_leftlegbottom) { transformation: [-0.9963042305057922f,-0.07559978986727961f,0.04077440432777148f,0.10616543423581201f,-0.05774966644228557f,0.9409620169783698f,0.33354978433481747f,0.4099303690320244f,-0.06358345934334006f,0.32996235296776155f,-0.9418503009087551f,0.3322620060675698f,0f,0f,0f,1f], start_interpolation: 0, interpolation_duration: 1 }
$data merge entity $(bone_rightlegtop) { transformation: [-0.9990482215818578f,0.033951800604805495f,0.027384780258726985f,-0.11875f,0.04361938736533599f,0.7776240809995514f,0.6272145866411878f,0.5833333333333334f,-1.2061339719943099e-16f,0.6278121246720987f,-0.7783649119241599f,-1.4542680739874818e-17f,0f,0f,0f,1f], start_interpolation: 0, interpolation_duration: 1 }
$data merge entity $(bone_rightlegbottom) { transformation: [-0.9990482215818578f,0.0314358628897446f,0.030239667301483534f,-0.13148192522680205f,0.04361938736533599f,0.719999633439341f,0.6926022501357381f,0.2917243029585016f,-1.2061339719943099e-16f,0.6932620820235244f,-0.7206855664077144f,-0.23542954675203703f,0f,0f,0f,1f], start_interpolation: 0, interpolation_duration: 1 }