# This file was generated by Animated Java via MC-Build. It is not recommended to edit this file directly.
$data merge entity $(bone_head) { transformation: [-0.9961946980917455f,-0.0556982877403986f,0.0670359920988998f,-0.043927008164235996f,0f,0.7691517504817651f,0.6390661818081415f,1.12832467649842f,-0.0871557427476583f,0.6366343420470062f,-0.7662248958579196f,0.5020880008210413f,0f,0f,0f,1f], start_interpolation: 0, interpolation_duration: 1 }
$data merge entity $(bone_leftarmtop) { transformation: [-0.8971538173133501f,-0.43465028182751664f,0.07870298969762443f,0.2747050030168071f,-0.2727457247179118f,0.685249217705415f,0.6753097654278499f,1.0357566748597944f,-0.3474547419854636f,0.5843908299600337f,-0.7333229575912907f,0.44564283695951096f,0f,0f,0f,1f], start_interpolation: 0, interpolation_duration: 1 }
$data merge entity $(bone_leftarmbottom) { transformation: [-0.8971538173133501f,-0.4073128899358299f,0.1709129537870273f,0.4114036302647285f,-0.2727457247179118f,0.8151698600456893f,0.5109871514247617f,0.8729676743308754f,-0.3474547419854636f,0.41181829605447806f,-0.8424256010512745f,0.31040309015654827f,0f,0f,0f,1f], start_interpolation: 0, interpolation_duration: 1 }
$data merge entity $(bone_rightarmtop) { transformation: [-0.9194200941501346f,0.24720120174600144f,0.33837862906227967f,-0.3999574647953601f,0.41663098448999253f,0.45156569372198f,0.8021526583475641f,0.2923999624267928f,0.04502392157103505f,0.869437651810926f,-0.5128282913194686f,-0.8059066948987372f,0f,0f,0f,1f], start_interpolation: 0, interpolation_duration: 1 }
$data merge entity $(bone_weapon) { transformation: [-1.1181064094972f,0.12174188044598372f,0.02533715822178277f,-0.5896247745185499f,0.09585940541128174f,0.6978327237695384f,0.8771918057247129f,0.8600942379602468f,0.07920878382777606f,0.8739756313432674f,-0.7039300848682786f,-0.32330162049017186f,0f,0f,0f,1f], start_interpolation: 0, interpolation_duration: 1 }
$data merge entity $(bone_rightarmhand) { transformation: [-0.9938723639975111f,0.10821500484087442f,0.022521918419362463f,-0.21761379556448074f,0.08520836036558377f,0.620295754461812f,0.7797260495330781f,0.2097914772572922f,0.07040780784691206f,0.7768672278606821f,-0.6257156309940254f,-0.7207339193911934f,0f,0f,0f,1f], start_interpolation: 0, interpolation_duration: 1 }
$data merge entity $(bone_weaponcase) { transformation: [-0.9938723639975111f,0.10821500484087442f,0.022521918419362463f,-0.43751554024264144f,0.08520836036558377f,0.620295754461812f,0.7797260495330781f,0.9369145749025001f,0.07040780784691206f,0.7768672278606821f,-0.6257156309940254f,0.17744439589945005f,0f,0f,0f,1f], start_interpolation: 0, interpolation_duration: 1 }
$data merge entity $(bone_backpack) { transformation: [-1.037702810512235f,-0.061009733561438885f,0.06723194114567388f,0.043927008164235996f,0f,0.7714000136552133f,0.7000081880786692f,0.017508656834913094f,-0.09078723202881074f,0.6973444455847796f,-0.7684646037112236f,-0.5020880008210413f,0f,0f,0f,1f], start_interpolation: 0, interpolation_duration: 1 }
$data merge entity $(bone_thorax) { transformation: [-1.0065717261968679f,-0.05917944155459571f,0.06521498291130365f,0.043927008164235996f,0f,0.7482580132455566f,0.6790079424363089f,0.017508656834913094f,-0.0880636150679464f,0.6764241122172361f,-0.7454106655998868f,-0.5020880008210413f,0f,0f,0f,1f], start_interpolation: 0, interpolation_duration: 1 }
$data merge entity $(bone_leftlegtop) { transformation: [-0.9917418234032215f,0.021417775370554983f,0.12644933614309675f,0.11875f,-0.09439130885120732f,0.5455871250421908f,-0.8327214238876965f,0.5729166666666666f,-0.08682417017288112f,-0.8377803816552243f,-0.5390599183647559f,1.4542680739874818e-17f,0f,0f,0f,1f], start_interpolation: 0, interpolation_duration: 1 }
$data merge entity $(bone_leftlegbottom) { transformation: [-0.996373982307455f,-0.0840553710487881f,0.01317505137120174f,0.11071833423604188f,-0.06019108008271742f,0.8058265077545793f,0.5890846062141966f,0.3683214947758451f,-0.0601325307904062f,0.58615555443748f,-0.8079639501505195f,0.3141676431207091f,0f,0f,0f,1f], start_interpolation: 0, interpolation_duration: 1 }
$data merge entity $(bone_rightlegtop) { transformation: [-0.9990482215818578f,0.02883967275822264f,0.03272497867571292f,-0.11875f,0.04361938736533601f,0.6605371033478113f,0.7495252391659374f,0.5729166666666666f,-1.1887867372345418e-16f,0.7502393007408247f,-0.6611663872459932f,-1.4542680739874818e-17f,0f,0f,0f,1f], start_interpolation: 0, interpolation_duration: 1 }
$data merge entity $(bone_rightlegbottom) { transformation: [-0.9990482215818578f,0.025877759273559307f,0.03511399335175294f,-0.1295648772843335f,0.04361938736533601f,0.5926981313203457f,0.8042426711977195f,0.3252152529112374f,-1.1887867372345418e-16f,0.8050088612582785f,-0.593262786036382f,-0.28133973777780924f,0f,0f,0f,1f], start_interpolation: 0, interpolation_duration: 1 }