# This file was generated by Animated Java via MC-Build. It is not recommended to edit this file directly.
$data merge entity $(bone_head) { transformation: [-0.9983081582712682f,-0.010096743581059595f,0.057261478308605084f,-0.005062651972147566f,-4.336808689942018e-19f,0.984807753012208f,0.17364817766693033f,1.4949287683064574f,-0.05814482891047594f,0.1733543924338352f,-0.9831416141608834f,0.08692237746652733f,0f,0f,0f,1f], start_interpolation: 0, interpolation_duration: 1 }
$data merge entity $(bone_leftarmtop) { transformation: [-0.9731832575443541f,-0.22988536129015805f,0.008189499365208477f,0.307752422816315f,-0.2149761266981815f,0.9215819023592658f,0.32322138263692307f,1.3707739735887143f,-0.0818511587285523f,0.31279309120946125f,-0.9462879423866835f,0.09060557358996318f,0f,0f,0f,1f], start_interpolation: 0, interpolation_duration: 1 }
$data merge entity $(bone_leftarmbottom) { transformation: [-0.9731832575443541f,-0.21892895539820645f,0.07060070625432428f,0.39563573993711554f,-0.2149761266981815f,0.9748042755505633f,0.05951377418874926f,1.147096501958216f,-0.0818511587285523f,0.04274034226105544f,-0.9957276992020466f,0.014965149497865135f,0f,0f,0f,1f], start_interpolation: 0, interpolation_duration: 1 }
$data merge entity $(bone_rightarmtop) { transformation: [-0.8914263752091278f,0.299563316891235f,0.36954387700571395f,-0.448144470674044f,0.44532423353314543f,0.8015220479470633f,0.42448860286306833f,0.14231379487730456f,-0.16729370845136218f,0.5373695805548028f,-0.8391594540280908f,-0.6252604432388071f,0f,0f,0f,1f], start_interpolation: 0, interpolation_duration: 1 }
$data merge entity $(bone_weapon) { transformation: [-1.0913516116247237f,0.23608703789927496f,0.13725731434085556f,-0.5885714388008316f,0.26785406782055293f,1.0355707977616797f,0.3485287953314918f,0.8726194609729727f,-0.05320580942059626f,0.3707843488595285f,-1.0608077622664318f,-0.4741179400690233f,0f,0f,0f,1f], start_interpolation: 0, interpolation_duration: 1 }
$data merge entity $(bone_rightarmhand) { transformation: [-0.9700903214441988f,0.20985514479935552f,0.12200650163631604f,-0.320497312717575f,0.23809250472938037f,0.9205073757881598f,0.3098033736279927f,0.06881705825280426f,-0.047294052818307786f,0.32958608787513644f,-0.9429402331257172f,-0.4383934168954056f,0f,0f,0f,1f], start_interpolation: 0, interpolation_duration: 1 }
$data merge entity $(bone_weaponcase) { transformation: [-0.9700903214441988f,0.20985514479935552f,0.12200650163631604f,-0.41787882281474337f,0.23809250472938037f,0.9205073757881598f,0.3098033736279927f,1.1862321545152084f,-0.047294052818307786f,0.32958608787513644f,-0.9429402331257172f,-0.08386639869217044f,0f,0f,0f,1f], start_interpolation: 0, interpolation_duration: 1 }
$data merge entity $(bone_backpack) { transformation: [-1.0399043315325711f,-0.0070314610724271755f,0.06015799414398685f,0.005062651972147566f,-4.517509052022935e-19f,1.034623289314524f,0.12093011888044818f,0.005071231693542733f,-0.06056753011507911f,0.12072552425906574f,-1.032872870460144f,-0.08692237746652733f,0f,0f,0f,1f], start_interpolation: 0, interpolation_duration: 1 }
$data merge entity $(bone_thorax) { transformation: [-1.0087072015865937f,-0.006820517240254359f,0.05835325431966723f,0.005062651972147566f,-4.381983780462246e-19f,1.0035845906350882f,0.1173022153140347f,0.005071231693542733f,-0.058750504211626725f,0.11710375853129375f,-1.0018866843463394f,-0.08692237746652733f,0f,0f,0f,1f], start_interpolation: 0, interpolation_duration: 1 }
$data merge entity $(bone_leftlegtop) { transformation: [-0.9963847665825839f,-0.03777916722415093f,0.0760929132443984f,0.11875f,-0.061351653484441084f,0.9395444147249483f,-0.3368861341371584f,0.75f,-0.05876539404185911f,-0.3403366381731535f,-0.9384655567361548f,1.4542680739874818e-17f,0f,0f,0f,1f], start_interpolation: 0, interpolation_duration: 1 }
$data merge entity $(bone_leftlegbottom) { transformation: [-0.9985992979151669f,-0.0480001313348199f,0.022258247801115093f,0.13291718770905658f,-0.05022631749046137f,0.992263017548832f,-0.1135403938527332f,0.3976708444781444f,-0.01663608231174575f,-0.114499307407191f,-0.993284022507455f,0.12762623931493258f,0f,0f,0f,1f], start_interpolation: 0, interpolation_duration: 1 }
$data merge entity $(bone_rightlegtop) { transformation: [-0.9990482215818578f,0.04315883810865497f,0.0063218389127012945f,-0.11875f,0.04361938736533599f,0.9884999093833319f,0.1447939162914569f,0.75f,-1.22781801544402e-16f,0.14493185930724675f,-0.9894416385809445f,-1.4542680739874818e-17f,0f,0f,0f,1f], start_interpolation: 0, interpolation_duration: 1 }
$data merge entity $(bone_rightlegbottom) { transformation: [-0.9990482215818578f,0.04244362113367454f,0.010059322998508874f,-0.1349345642907456f,0.04361938736533599f,0.972118747472122f,0.23039637553378647f,0.37931253398125053f,-1.22781801544402e-16f,0.23061587074244022f,-0.9730448705798237f,-0.05434944724021755f,0f,0f,0f,1f], start_interpolation: 0, interpolation_duration: 1 }