# This file was generated by Animated Java via MC-Build. It is not recommended to edit this file directly.
$data merge entity $(bone_head) { transformation: [-0.9995769500822006f,-0.007527679132167512f,0.028093680984325145f,-0.005030548303681225f,0f,0.9659258262890683f,0.25881904510252074f,1.4797836529348678f,-0.02908471874311152f,0.2587095517267652f,-0.9655171914476565f,0.17288873153795953f,0f,0f,0f,1f], start_interpolation: 0, interpolation_duration: 1 }
$data merge entity $(bone_leftarmtop) { transformation: [-0.9744312385973791f,-0.2191335756963945f,-0.04964108427593297f,0.30817567331428664f,-0.2106054561327483f,0.8138137553663171f,0.5416202668140191f,1.35815304411239f,-0.07828858852153842f,0.5382263906378846f,-0.839156272292724f,0.15316291755552194f,0f,0f,0f,1f], start_interpolation: 0, interpolation_duration: 1 }
$data merge entity $(bone_leftarmbottom) { transformation: [-0.9744312385973791f,-0.2232844824922002f,0.025055959845275692f,0.3934100434445533f,-0.2106054561327483f,0.946525290739657f,0.24440788824693166f,1.161281025774959f,-0.07828858852153842f,0.23288175941536932f,-0.9693487417018227f,0.021052838287348885f,0f,0f,0f,1f], start_interpolation: 0, interpolation_duration: 1 }
$data merge entity $(bone_rightarmtop) { transformation: [-0.8840792032910952f,0.3149054671731283f,0.3744066630422509f,-0.47166451397286274f,0.4856161020549013f,0.65867004579928f,0.5926825562386288f,0.31162800177061656f,-0.05935321399017479f,0.6985199766570929f,-0.727659864550594f,-0.7972216347417169f,0f,0f,0f,1f], start_interpolation: 0, interpolation_duration: 1 }
$data merge entity $(bone_weapon) { transformation: [-1.0601178679845489f,0.31049667880662934f,0.21299511362927379f,-0.6026132607903485f,0.3744015449034553f,0.9368338471426727f,0.49778592388873905f,0.9798855798734343f,-0.03998236053312024f,0.5399621795069655f,-0.9861375439299973f,-0.4801940001325443f,0f,0f,0f,1f], start_interpolation: 0, interpolation_duration: 1 }
$data merge entity $(bone_rightarmhand) { transformation: [-0.9423269937640435f,0.27599704782811496f,0.18932898989268782f,-0.408389105723703f,0.3328013732475158f,0.8327411974601535f,0.44247637678999024f,0.15896787137961543f,-0.03553987602944021f,0.4799663817839693f,-0.8765667057155532f,-0.5674257301389203f,0f,0f,0f,1f], start_interpolation: 0, interpolation_duration: 1 }
$data merge entity $(bone_weaponcase) { transformation: [-0.9423269937640435f,0.27599704782811496f,0.18932898989268782f,-0.42181733102346364f,0.3328013732475158f,0.8327411974601535f,0.44247637678999024f,1.2102021905761218f,-0.03553987602944021f,0.4799663817839693f,-0.8765667057155532f,-0.03968038301707488f,0f,0f,0f,1f], start_interpolation: 0, interpolation_duration: 1 }
$data merge entity $(bone_backpack) { transformation: [-1.041225989668959f,-0.0069868726440017025f,0.02947993373462659f,0.005030548303681225f,0f,1.013588406853983f,0.24022486535670853f,0.0202163470651322f,-0.030296582024074502f,0.240123238247166f,-1.0131596083617813f,-0.17288873153795953f,0f,0f,0f,1f], start_interpolation: 0, interpolation_duration: 1 }
$data merge entity $(bone_thorax) { transformation: [-1.00998920997889f,-0.00677726646468165f,0.028595535722587783f,0.005030548303681225f,0f,0.9831807546483635f,0.23301811939600722f,0.0202163470651322f,-0.02938768456335226f,0.23291954109975097f,-0.9827648201109276f,-0.17288873153795953f,0f,0f,0f,1f], start_interpolation: 0, interpolation_duration: 1 }
$data merge entity $(bone_leftlegtop) { transformation: [-0.9991352250621492f,-0.005547269345924096f,0.041207157664806995f,0.11875f,-0.02808487063956118f,0.820843214811482f,-0.5704626690144678f,0.75f,-0.030660105694005776f,-0.5711266448877648f,-0.8202891645133913f,1.4542680739874818e-17f,0f,0f,0f,1f], start_interpolation: 0, interpolation_duration: 1 }
$data merge entity $(bone_leftlegbottom) { transformation: [-0.9999537714683203f,-0.007858898857517164f,-0.005540093413448084f,0.12083022600472153f,-0.006390234229710964f,0.973682682969017f,-0.227818343846026f,0.4421837944456942f,0.007184694340878095f,-0.22777240964393386f,-0.9736878912527486f,0.21417249183291182f,0f,0f,0f,1f], start_interpolation: 0, interpolation_duration: 1 }
$data merge entity $(bone_rightlegtop) { transformation: [-0.9990482215818578f,0.041201457300797065f,0.01432099404433333f,-0.11875f,0.04361938736533601f,0.9436685182711556f,0.3280046900118874f,0.75f,-1.232154824133962e-16f,0.32831717521356113f,-0.9445675372676047f,-1.4542680739874818e-17f,0f,0f,0f,1f], start_interpolation: 0, interpolation_duration: 1 }
$data merge entity $(bone_rightlegbottom) { transformation: [-0.9990482215818578f,0.03979651644388882f,0.01785744195170522f,-0.1342005464877989f,0.04361938736533601f,0.9114900822751173f,0.4090026637565734f,0.39612430564831663f,-1.232154824133962e-16f,0.40939231452609265f,-0.912358445353014f,-0.12311894070508543f,0f,0f,0f,1f], start_interpolation: 0, interpolation_duration: 1 }