# This file was generated by Animated Java via MC-Build. It is not recommended to edit this file directly.
$data merge entity $(bone_head) { transformation: [-1f,-4.188538737676991e-17f,1.1507915602278503e-16f,-3.1414040532577434e-17f,0f,0.9396926207859084f,0.34202014332566866f,1.4547694655894312f,-1.2246467991473532e-16f,0.34202014332566866f,-0.9396926207859084f,0.2565151074942515f,0f,0f,0f,1f], start_interpolation: 0, interpolation_duration: 1 }
$data merge entity $(bone_leftarmtop) { transformation: [-0.9762960071199334f,-0.19198428229200937f,-0.09994069158504504f,0.3125f,-0.20338670806338613f,0.6558325139125863f,0.7269921324734099f,1.3373078879911928f,-0.07402670778046246f,0.7300861244044563f,-0.67933371584757f,0.21376258957854294f,0f,0f,0f,1f], start_interpolation: 0, interpolation_duration: 1 }
$data merge entity $(bone_leftarmbottom) { transformation: [-0.9762960071199334f,-0.2156159958621624f,-0.018863955312791628f,0.39100532079550027f,-0.20338670806338613f,0.8841180809166027f,0.4206769140082233f,1.179705594140027f,-0.07402670778046246f,0.41454186920588765f,-0.9070143798256315f,0.03355439309556832f,0f,0f,0f,1f], start_interpolation: 0, interpolation_duration: 1 }
$data merge entity $(bone_rightarmtop) { transformation: [-0.8693898017700383f,0.335276014050777f,0.39075978203783207f,-0.4998684515629012f,0.5119164035147881f,0.4806791528084677f,0.7265197782205218f,0.524863142876127f,0.05517978496257094f,0.8230913598959319f,-0.5834532070988447f,-0.9233864109899121f,0f,0f,0f,1f], start_interpolation: 0, interpolation_duration: 1 }
$data merge entity $(bone_weapon) { transformation: [-1.0106649103411298f,0.4017715546060447f,0.28768221515171577f,-0.6184975957581671f,0.493871656589439f,0.7994051053391885f,0.6186010542952904f,1.0977090187010359f,0.0164992673400787f,0.6820235299951778f,-0.8945371309845987f,-0.4600681450991309f,0f,0f,0f,1f], start_interpolation: 0, interpolation_duration: 1 }
$data merge entity $(bone_rightarmhand) { transformation: [-0.8983688091921155f,0.3571302707609286f,0.2557175245793029f,-0.5153005109053144f,0.4389970280795013f,0.7105823158570564f,0.5498676038180359f,0.28389909593154306f,0.014666015413403288f,0.6062431377734914f,-0.7951441164307544f,-0.6752472624172052f,0f,0f,0f,1f], start_interpolation: 0, interpolation_duration: 1 }
$data merge entity $(bone_weaponcase) { transformation: [-0.8983688091921155f,0.3571302707609286f,0.2557175245793029f,-0.4223432344590594f,0.4389970280795013f,0.7105823158570564f,0.5498676038180359f,1.2342094296730601f,0.014666015413403288f,0.6062431377734914f,-0.7951441164307544f,0.011817710376329948f,0f,0f,0f,1f], start_interpolation: 0, interpolation_duration: 1 }
$data merge entity $(bone_backpack) { transformation: [-1.0416666666666667f,-4.3630611850801994e-17f,1.1987412085706775e-16f,3.1414040532577434e-17f,0f,0.9788464799853214f,0.3562709826309049f,0.04523053441056868f,-1.2756737491118264e-16f,0.3562709826309049f,-0.9788464799853214f,-0.2565151074942515f,0f,0f,0f,1f], start_interpolation: 0, interpolation_duration: 1 }
$data merge entity $(bone_thorax) { transformation: [-1.0104166666666665f,-4.232169349527792e-17f,1.1627789723135568e-16f,3.1414040532577434e-17f,0f,0.9494810855857615f,0.3455828531519777f,0.04523053441056868f,-1.2374035366384712e-16f,0.3455828531519777f,-0.9494810855857615f,-0.2565151074942515f,0f,0f,0f,1f], start_interpolation: 0, interpolation_duration: 1 }
$data merge entity $(bone_leftlegtop) { transformation: [-0.9999827899881194f,0.005350829730003322f,-0.0024058987462492066f,0.11875f,0.005293018359578425f,0.6459465728874928f,-0.7633642701433884f,0.75f,-0.0025305501816515396f,-0.7633638671014652f,-0.6459637781792991f,1.4542680739874818e-17f,0f,0f,0f,1f], start_interpolation: 0, interpolation_duration: 1 }
$data merge entity $(bone_leftlegbottom) { transformation: [-0.9989468262864f,0.02427010379000058f,-0.03893841694717109f,0.11674343885124874f,0.036003026035780115f,0.9407074677911778f,-0.3373028937886203f,0.5077700351671902f,0.02844328336525305f,-0.33834955608650197f,-0.9405905365925552f,0.28626145016304944f,0f,0f,0f,1f], start_interpolation: 0, interpolation_duration: 1 }
$data merge entity $(bone_rightlegtop) { transformation: [-0.9990482215818578f,0.037775497555894884f,0.021809693682668104f,-0.11875f,0.04361938736533599f,0.8652011394955537f,0.49952411079092884f,0.75f,-1.223481206754078e-16f,0.5f,-0.8660254037844387f,-1.4542680739874818e-17f,0f,0f,0f,1f], start_interpolation: 0, interpolation_duration: 1 }
$data merge entity $(bone_rightlegbottom) { transformation: [-0.9990482215818578f,0.03573091033094833f,0.025019052760825368f,-0.13291581158346058f,0.04361938736533599f,0.8183723930520604f,0.5730305186777722f,0.4255495726891674f,-1.223481206754078e-16f,0.5735764363510462f,-0.8191520442889919f,-0.18750000000000003f,0f,0f,0f,1f], start_interpolation: 0, interpolation_duration: 1 }
execute on vehicle unless entity @s[tag=aj.transforms_only] at @s run function animated_java:anby_demara/animations/walk_entry/zzz/frames/zzz/1