# This file was generated by Animated Java via MC-Build. It is not recommended to edit this file directly.
$data merge entity $(bone_head) { transformation: [-0.9961946980917455f,-0.058881566337787544f,0.0642579539007018f,-0.046221312537164584f,0f,0.737277336810124f,0.6755902076156604f,1.0928300858899105f,-0.0871557427476583f,0.6730193829094224f,-0.7344717739534476f,0.5283120198020691f,0f,0f,0f,1f], start_interpolation: 0, interpolation_duration: 1 }
$data merge entity $(bone_leftarmtop) { transformation: [-0.8960292399018677f,-0.4424206115523221f,0.03735777983968848f,0.2727930827060333f,-0.25944021871727957f,0.5900022763235893f,0.7645836035679247f,1.0044417382415922f,-0.3603087206172111f,0.6753971545739977f,-0.6434409914207643f,0.4674961861103675f,0f,0f,0f,1f], start_interpolation: 0, interpolation_duration: 1 }
$data merge entity $(bone_leftarmbottom) { transformation: [-0.8960292399018677f,-0.42384777308000426f,0.1322295976549974f,0.4113991493410472f,-0.25944021871727957f,0.7415030465460369f,0.6187600543626554f,0.8650486759956099f,-0.3603087206172111f,0.5201214254556981f,-0.7743715701322726f,0.3099065449861559f,0f,0f,0f,1f], start_interpolation: 0, interpolation_duration: 1 }
$data merge entity $(bone_rightarmtop) { transformation: [-0.9211670501038371f,0.24538038159012662f,0.3349351794175349f,-0.3988512723310148f,0.41008436019700134f,0.4101045502167778f,0.8273976768707343f,0.3195311048959766f,0.06499171949247451f,0.890249721426497f,-0.47346948177811127f,-0.8185505326231236f,0f,0f,0f,1f], start_interpolation: 0, interpolation_duration: 1 }
$data merge entity $(bone_weapon) { transformation: [-1.1184932378057366f,0.11888246659685657f,0.021560058411033492f,-0.5908654676567625f,0.08720010318641613f,0.6553332223287904f,0.910252442851126f,0.8624580420768724f,0.08363025162653913f,0.9066588811940306f,-0.660757636478664f,-0.30912043302872416f,0f,0f,0f,1f], start_interpolation: 0, interpolation_duration: 1 }
$data merge entity $(bone_rightarmhand) { transformation: [-0.9942162113828771f,0.10567330364165028f,0.019164496365363104f,-0.2161516218494709f,0.0775112028323699f,0.5825184198478137f,0.8091132825343342f,0.23367789432462138f,0.07433800144581255f,0.805919005505805f,-0.5873401213143681f,-0.7374466414294787f,0f,0f,0f,1f], start_interpolation: 0, interpolation_duration: 1 }
$data merge entity $(bone_weaponcase) { transformation: [-0.9942162113828771f,0.10567330364165028f,0.019164496365363104f,-0.4390309779154783f,0.0775112028323699f,0.5825184198478137f,0.8091132825343342f,0.915655592627039f,0.07433800144581255f,0.805919005505805f,-0.5873401213143681f,0.19476592776155002f,0f,0f,0f,1f], start_interpolation: 0, interpolation_duration: 1 }
$data merge entity $(bone_backpack) { transformation: [-1.037702810512235f,-0.06419626741272859f,0.06419626741272859f,0.046221312537164584f,0f,0.736569563735987f,0.7365695637359873f,0.032169914110089404f,-0.09078723202881074f,0.7337666941695404f,-0.7337666941695402f,-0.5283120198020691f,0f,0f,0f,1f], start_interpolation: 0, interpolation_duration: 1 }
$data merge entity $(bone_thorax) { transformation: [-1.0065717261968679f,-0.06227037939034672f,0.06227037939034672f,0.046221312537164584f,0f,0.7144724768239072f,0.7144724768239075f,0.032169914110089404f,-0.0880636150679464f,0.7117536933444542f,-0.7117536933444538f,-0.5283120198020691f,0f,0f,0f,1f], start_interpolation: 0, interpolation_duration: 1 }
$data merge entity $(bone_leftlegtop) { transformation: [-0.9917418234032214f,0.01649854823209627f,0.12718472242799778f,0.11875f,-0.09439130885120792f,0.5774658999758281f,-0.8109398344997383f,0.5625f,-0.08682417017288173f,-0.8162480825529332f,-0.5711397650334377f,1.4542680739874818e-17f,0f,0f,0f,1f], start_interpolation: 0, interpolation_duration: 1 }
$data merge entity $(bone_leftlegbottom) { transformation: [-0.996387235722028f,-0.08491029621766194f,0.0016486620165148506f,0.11256304441296389f,-0.06125875871785289f,0.7320207622558357f,0.6785226363996507f,0.3459502875090645f,-0.058820412873114764f,0.6759702990683937f,-0.7345776431438832f,0.30609303095734997f,0f,0f,0f,1f], start_interpolation: 0, interpolation_duration: 1 }
$data merge entity $(bone_rightlegtop) { transformation: [-0.9990482215818578f,0.026553800585006778f,0.03460558666774669f,-0.11875f,0.04361938736533599f,0.6081820230187927f,0.7925982437039849f,0.5625f,-1.223481206754078e-16f,0.7933533402912352f,-0.6087614290087207f,-1.4542680739874818e-17f,0f,0f,0f,1f], start_interpolation: 0, interpolation_duration: 1 }
$data merge entity $(bone_rightlegbottom) { transformation: [-0.9990482215818578f,0.023436679747723323f,0.036788218175523114f,-0.12870767521937754f,0.04361938736533599f,0.536788218175523f,0.8425887240367153f,0.33443174136795273f,-1.223481206754078e-16f,0.8433914458128857f,-0.5372996083468239f,-0.2975075026092132f,0f,0f,0f,1f], start_interpolation: 0, interpolation_duration: 1 }
execute on vehicle unless entity @s[tag=aj.transforms_only] at @s run function animated_java:anby_demara/animations/dash_exit/zzz/frames/zzz/0