# This file was generated by Animated Java via MC-Build. It is not recommended to edit this file directly.
$data merge entity $(bone_head) { transformation: [-0.9961946980917455f,-0.05529101787540877f,0.06737230021453339f,-0.044684246114538674f,-6.938893903907228e-18f,0.7730104533627369f,0.6343932841636455f,1.1138043045233768f,-0.08715574274765829f,0.6319792261888336f,-0.7700689152094551f,0.5107432701986366f,0f,0f,0f,1f], start_interpolation: 0, interpolation_duration: 1 }
$data merge entity $(bone_leftarmtop) { transformation: [-0.8894514671978978f,-0.4546093626265382f,0.04697249101122616f,0.2740739713915549f,-0.27849786320563186f,0.6206217996307235f,0.7329853491121218f,1.0225712954361472f,-0.36237415427897746f,0.6388731558262677f,-0.678620706341312f,0.4528555614408404f,0f,0f,0f,1f], start_interpolation: 0, interpolation_duration: 1 }
$data merge entity $(bone_leftarmbottom) { transformation: [-0.8894514671978978f,-0.4233033865458368f,0.1723088228685139f,0.4155216703981238f,-0.27849786320563186f,0.8009384359054166f,0.5300344914053063f,0.8761189037536423f,-0.36237415427897746f,0.4234523170655823f,-0.8302849555919856f,0.3044614648054915f,0f,0f,0f,1f], start_interpolation: 0, interpolation_duration: 1 }
$data merge entity $(bone_rightarmtop) { transformation: [-0.9199908628995829f,0.24289658881956153f,0.3399410237068766f,-0.3945541462270709f,0.41461002500285876f,0.42933473753951357f,0.8152987492856734f,0.31009205723716193f,0.05154783823001023f,0.8818246824394718f,-0.49058117584362626f,-0.8175682543631533f,0f,0f,0f,1f], start_interpolation: 0, interpolation_duration: 1 }
$data merge entity $(bone_weapon) { transformation: [-1.1178642888394652f,0.1238747043541823f,0.025680524889506604f,-0.5899676107789461f,0.09757711706149089f,0.6989183576051513f,0.876137452474488f,0.8518422272394413f,0.08051793566283685f,0.8728076460616518f,-0.7052295193856492f,-0.3186430037702337f,0f,0f,0f,1f], start_interpolation: 0, interpolation_duration: 1 }
$data merge entity $(bone_rightarmhand) { transformation: [-0.9936571456350802f,0.1101108483148287f,0.02282713323511698f,-0.2194042261833551f,0.08673521516576968f,0.62126076231569f,0.7787888466439894f,0.2004335465256002f,0.0715714983669661f,0.7758290187214683f,-0.6268706838983548f,-0.715616289946663f,0f,0f,0f,1f], start_interpolation: 0, interpolation_duration: 1 }
$data merge entity $(bone_weaponcase) { transformation: [-0.9936571456350802f,0.1101108483148287f,0.02282713323511698f,-0.43709916564123164f,0.08673521516576968f,0.62126076231569f,0.7787888466439894f,0.9291671343439848f,0.0715714983669661f,0.7758290187214683f,-0.6268706838983548f,0.18179405867863338f,0f,0f,0f,1f], start_interpolation: 0, interpolation_duration: 1 }
$data merge entity $(bone_backpack) { transformation: [-1.037702810512235f,-0.062061452936859274f,0.06626233891751117f,0.044684246114538674f,-7.228014483236697e-18f,0.7602750757269121f,0.7120753146071576f,0.019008195476623246f,-0.09078723202881073f,0.709365653053662f,-0.7573819995304503f,-0.5107432701986366f,0f,0f,0f,1f], start_interpolation: 0, interpolation_duration: 1 }
$data merge entity $(bone_thorax) { transformation: [-1.0065717261968679f,-0.06019960934875348f,0.06427446874998581f,0.044684246114538674f,-7.011174048739594e-18f,0.7374668234551046f,0.6907130551689428f,0.019008195476623246f,-0.08806361506794638f,0.688084683462052f,-0.7346605395445366f,-0.5107432701986366f,0f,0f,0f,1f], start_interpolation: 0, interpolation_duration: 1 }
$data merge entity $(bone_leftlegtop) { transformation: [-0.9917418234032214f,0.017191984447167106f,0.12709284552492328f,0.11875f,-0.09439130885120792f,0.5730343420864226f,-0.8140773449758546f,0.56640625f,-0.08682417017288173f,-0.8193510105323293f,-0.5666793493797364f,1.4542680739874818e-17f,0f,0f,0f,1f], start_interpolation: 0, interpolation_duration: 1 }
$data merge entity $(bone_leftlegbottom) { transformation: [-0.9963858796218918f,-0.0843819839194701f,0.009739593416724975f,0.11230300583231233f,-0.06110557563139108f,0.7916968334669403f,0.6078505017725786f,0.35151837171759154f,-0.05900243653329222f,0.6050585134251345f,-0.7939917555081417f,0.30725662894962347f,0f,0f,0f,1f], start_interpolation: 0, interpolation_duration: 1 }
$data merge entity $(bone_rightlegtop) { transformation: [-0.9972129327638917f,0.058456536948657566f,0.04635946522996559f,-0.11875f,0.07333952013603437f,0.6539481831329468f,0.7529761540469486f,0.56640625f,0.01369969031235252f,0.7542775398121624f,-0.6564127599462533f,-1.4542680739874818e-17f,0f,0f,0f,1f], start_interpolation: 0, interpolation_duration: 1 }
$data merge entity $(bone_rightlegbottom) { transformation: [-0.9973111839164458f,-0.0040875914517419076f,0.07316894171232033f,-0.14067120135574657f,0.059027341945332074f,0.5469059470041809f,0.8351105663529403f,0.32117568132514496f,-0.04343012017075387f,0.8371840757728157f,-0.5451941378393299f,-0.2828540774295609f,0f,0f,0f,1f], start_interpolation: 0, interpolation_duration: 1 }