# This file was generated by Animated Java via MC-Build. It is not recommended to edit this file directly.
$data merge entity $(bone_head) { transformation: [-0.9961946980917455f,-0.01231799983121475f,0.08628088069818357f,-0.007116280003754501f,0f,0.989962083714808f,0.14133319782356749f,1.4174172536667398f,-0.0871557427476583f,0.14079538233618977f,-0.9861949791085484f,0.08133945264400852f,0f,0f,0f,1f], start_interpolation: 0, interpolation_duration: 1 }
$data merge entity $(bone_leftarmtop) { transformation: [-0.9500377999985351f,-0.30254277367416f,0.07678573221301813f,0.3053806098172084f,-0.2875801256282086f,0.9440417735667127f,0.16150170619742402f,1.2931602113889498f,-0.12135011296907425f,0.13135067513553672f,-0.9838806585271567f,0.09501904681198366f,0f,0f,0f,1f], start_interpolation: 0, interpolation_duration: 1 }
$data merge entity $(bone_leftarmbottom) { transformation: [-0.9500377999985351f,-0.25803494475684646f,0.17563070875639747f,0.4107049844857026f,-0.2875801256282086f,0.9423459250352644f,-0.17111934114265237f,1.066136646923153f,-0.12135011296907425f,-0.21307774368470045f,-0.9694699712877289f,0.06597356905838304f,0f,0f,0f,1f], start_interpolation: 0, interpolation_duration: 1 }
$data merge entity $(bone_rightarmtop) { transformation: [-0.8960134975569723f,0.27620703105983435f,0.3765784492859499f,-0.41599286178074046f,0.4105957379134015f,0.8541130967000162f,0.35049079635653113f,0.0038736041538547372f,-0.22251470171844442f,0.4638343824215685f,-0.8696474650572675f,-0.5218316164062689f,0f,0f,0f,1f], start_interpolation: 0, interpolation_duration: 1 }
$data merge entity $(bone_weapon) { transformation: [-1.1090386923789737f,0.1791594932303255f,0.05966619471517623f,-0.5800182324935654f,0.1881604819720128f,1.0784595339435614f,0.2591248090598354f,0.736029233472038f,-0.01593147295124423f,0.26542778609574635f,-1.093123633692875f,-0.4324720066533305f,0f,0f,0f,1f], start_interpolation: 0, interpolation_duration: 1 }
$data merge entity $(bone_rightarmhand) { transformation: [-0.9858121710035321f,0.15925288287140046f,0.05303661752460109f,-0.2535792775679624f,0.16725376175290027f,0.9586306968387213f,0.23033316360874262f,-0.04142091766294631f,-0.014161309289994872f,0.23593580986288565f,-0.9716654521714443f,-0.3416581725900668f,0f,0f,0f,1f], start_interpolation: 0, interpolation_duration: 1 }
$data merge entity $(bone_weaponcase) { transformation: [-0.9858121710035321f,0.15925288287140046f,0.05303661752460109f,-0.41329271812010104f,0.16725376175290027f,0.9586306968387213f,0.23033316360874262f,1.0945320968831747f,-0.014161309289994872f,0.23593580986288565f,-0.9716654521714443f,-0.08109833656275618f,0f,0f,0f,1f], start_interpolation: 0, interpolation_duration: 1 }
$data merge entity $(bone_backpack) { transformation: [-1.037702810512235f,-0.009883722227436808f,0.09024762342789969f,0.007116280003754501f,0f,1.0354753523149163f,0.11340299463746312f,-0.07366725366673976f,-0.09078723202881074f,0.1129714620055674f,-1.0315350559808019f,-0.08133945264400852f,0f,0f,0f,1f], start_interpolation: 0, interpolation_duration: 1 }
$data merge entity $(bone_thorax) { transformation: [-1.0065717261968679f,-0.009587210560613702f,0.08754019472506268f,0.007116280003754501f,0f,1.0044110917454687f,0.1100009047983392f,-0.07366725366673976f,-0.0880636150679464f,0.10958231814540036f,-1.0005890043013776f,-0.08133945264400852f,0f,0f,0f,1f], start_interpolation: 0, interpolation_duration: 1 }
$data merge entity $(bone_leftlegtop) { transformation: [-0.9917418234032216f,-0.03071980451240649f,0.1245168636112101f,0.11875f,-0.09439130885120664f,0.8321182058021477f,-0.5465066993056633f,0.671875f,-0.0868241701728804f,-0.5537468602017841f,-0.8281461092648184f,1.4542680739874818e-17f,0f,0f,0f,1f], start_interpolation: 0, interpolation_duration: 1 }
$data merge entity $(bone_leftlegbottom) { transformation: [-0.996091796413392f,-0.07686757657733706f,0.04350297448530034f,0.13026992669215243f,-0.07371739607143234f,0.9948268448403351f,0.06989488036667296f,0.3598306728241946f,-0.04865057691733f,0.06641479094412006f,-0.9966053365848789f,0.20765507257566906f,0f,0f,0f,1f], start_interpolation: 0, interpolation_duration: 1 }
$data merge entity $(bone_rightlegtop) { transformation: [-0.9943203105068605f,0.10619641093903315f,-0.007031530218120403f,-0.11875f,0.1027901172426724f,0.9753543185537598f,0.19523868744633746f,0.671875f,0.027591881247533704f,0.19340702050907818f,-0.980730550409756f,-1.4542680739874818e-17f,0f,0f,0f,1f], start_interpolation: 0, interpolation_duration: 1 }
$data merge entity $(bone_rightlegbottom) { transformation: [-0.9966570302934671f,-0.0635778535968905f,0.05130906838580821f,-0.15857365410213742f,-0.03113842891489472f,0.8762257104254892f,0.48089385797081946f,0.3061171305423401f,-0.0755325241953374f,0.47768856059294434f,-0.8752762288942397f,-0.07252763269090433f,0f,0f,0f,1f], start_interpolation: 0, interpolation_duration: 1 }