# This file was generated by Animated Java via MC-Build. It is not recommended to edit this file directly.
$data merge entity $(bone_head) { transformation: [-0.9961946980917455f,-0.009960765318061102f,0.0865846790614512f,-0.0035634389105841536f,0f,0.9934477790194444f,0.11428696496684637f,1.4598222342048224f,-0.08715574274765832f,0.11385206856096942f,-0.9896674102901905f,0.04073029312567172f,0f,0f,0f,1f], start_interpolation: 0, interpolation_duration: 1 }
$data merge entity $(bone_leftarmtop) { transformation: [-0.9621822570710791f,-0.2627535052944258f,0.07187419309527088f,0.30834131072818366f,-0.2528581061433972f,0.9596334287322018f,0.12315218478473108f,1.335008111837352f,-0.1013315465942301f,0.10032087477275212f,-0.9897816121496958f,0.061178080546702984f,0f,0f,0f,1f], start_interpolation: 0, interpolation_duration: 1 }
$data merge entity $(bone_leftarmbottom) { transformation: [-0.9621822570710791f,-0.2321439799091831f,0.14252886293494713f,0.40409788258526136f,-0.2528581061433972f,0.9557574879622937f,-0.15030103912342213f,1.1030015704712828f,-0.1013315465942301f,-0.1806565714164054f,-0.9783123840925712f,0.03926447268458465f,0f,0f,0f,1f], start_interpolation: 0, interpolation_duration: 1 }
$data merge entity $(bone_rightarmtop) { transformation: [-0.894081261484789f,0.2844298710938054f,0.3750469124911007f,-0.42481960382491657f,0.40215824051833327f,0.879950819634927f,0.29137114628047167f,0.013170427225389192f,-0.24460026108478417f,0.4070970937395142f,-0.891843320782229f,-0.4716324910527727f,0f,0f,0f,1f], start_interpolation: 0, interpolation_duration: 1 }
$data merge entity $(bone_weapon) { transformation: [-1.108775584454452f,0.18053912795860555f,0.06039310054662514f,-0.5794008604695609f,0.188933091935531f,1.0873577893415427f,0.21813373129792055f,0.7586053086591797f,-0.023366430822201474f,0.22513032055727078f,-1.1019960747100743f,-0.4394215124767271f,0f,0f,0f,1f], start_interpolation: 0, interpolation_duration: 1 }
$data merge entity $(bone_rightarmhand) { transformation: [-0.9855782972928463f,0.16047922485209382f,0.05368275604144457f,-0.25405336271660156f,0.16794052616491645f,0.9665402571924825f,0.19389665004259604f,-0.015361140071146195f,-0.020770160730845755f,0.2001158404953518f,-0.9795520664089549f,-0.3195748471261384f,0f,0f,0f,1f], start_interpolation: 0, interpolation_duration: 1 }
$data merge entity $(bone_weaponcase) { transformation: [-0.9855782972928463f,0.16047922485209382f,0.05368275604144457f,-0.41230677445241193f,0.16794052616491645f,0.9665402571924825f,0.19389665004259604f,1.1297262051395864f,-0.020770160730845755f,0.2001158404953518f,-0.9795520664089549f,-0.10158426932009579f,0f,0f,0f,1f], start_interpolation: 0, interpolation_duration: 1 }
$data merge entity $(bone_backpack) { transformation: [-1.037702810512235f,-0.004949220709144658f,0.0906522295027833f,0.0035634389105841536f,0f,1.0401176863955865f,0.05678593920625653f,-0.03794723420482238f,-0.09078723202881075f,0.056569851563432944f,-1.0361597245787362f,-0.04073029312567172f,0f,0f,0f,1f], start_interpolation: 0, interpolation_duration: 1 }
$data merge entity $(bone_thorax) { transformation: [-1.0065717261968679f,-0.004800744087870317f,0.08793266261769977f,0.0035634389105841536f,0f,1.008914155803719f,0.055082361030068826f,-0.03794723420482238f,-0.08806361506794641f,0.054872756016529946f,-1.005074932841374f,-0.04073029312567172f,0f,0f,0f,1f], start_interpolation: 0, interpolation_duration: 1 }
$data merge entity $(bone_leftlegtop) { transformation: [-0.9917418234032217f,-0.06067147396559781f,0.1129917163321928f,0.11875f,-0.094391308851206f,0.9417456093578364f,-0.3228087484387524f,0.7109375f,-0.0868241701728797f,-0.3308083727811001f,-0.9396953676440635f,1.4542680739874818e-17f,0f,0f,0f,1f], start_interpolation: 0, interpolation_duration: 1 }
$data merge entity $(bone_leftlegbottom) { transformation: [-0.9954771213026402f,-0.08536510396337829f,0.04169052636187345f,0.14150180273709917f,-0.08385460492731418f,0.9958008327392027f,0.03673018851563864f,0.35778289649081135f,-0.044650937229721244f,0.033068119711164634f,-0.9984552034334218f,0.12405313979291255f,0f,0f,0f,1f], start_interpolation: 0, interpolation_duration: 1 }
$data merge entity $(bone_rightlegtop) { transformation: [-0.9972181939681828f,0.07408613526577541f,-0.00819256859702234f,-0.11875f,0.07324963755955635f,0.9943928944972706f,0.07627097725041704f,0.7109375f,0.013797253937987764f,0.07545870350543556f,-0.9970534689017683f,-1.4542680739874818e-17f,0f,0f,0f,1f], start_interpolation: 0, interpolation_duration: 1 }
$data merge entity $(bone_rightlegbottom) { transformation: [-0.9995679095088273f,-0.007405308155452496f,0.028445662081860945f,-0.14653230072466578f,0.0004860709467339277f,0.9634476312182785f,0.2678962964188245f,0.3380401645635235f,-0.02938976037989038f,0.2677943675864201f,-0.9630277351529404f,-0.02829701381453835f,0f,0f,0f,1f], start_interpolation: 0, interpolation_duration: 1 }