# This file was generated by Animated Java via MC-Build. It is not recommended to edit this file directly.
$data merge entity $(bone_head) { transformation: [-0.9961946980917455f,-0.007596123493895982f,0.0868240888334653f,0f,0f,0.9961946980917455f,0.08715574274765818f,1.5f,-0.0871557427476583f,0.08682408883346518f,-0.9924038765061041f,0f,0f,0f,0f,1f], start_interpolation: 0, interpolation_duration: 1 }
$data merge entity $(bone_leftarmtop) { transformation: [-0.9725809060610187f,-0.2223916353955539f,0.06803191656582255f,0.31131084315367047f,-0.21643961393810288f,0.9725809060610187f,0.08508980364211077f,1.375f,-0.0850898036421109f,0.06803191656582241f,-0.9940479785425491f,0.02723616960864322f,0f,0f,0f,1f], start_interpolation: 0, interpolation_duration: 1 }
$data merge entity $(bone_leftarmbottom) { transformation: [-0.9725809060610187f,-0.20239526389657547f,0.11455364820800604f,0.39730190531696574f,-0.21643961393810288f,0.9679436594388269f,-0.12743220028900526f,1.1386185114203111f,-0.0850898036421109f,-0.14873207221177204f,-0.9852098740937077f,0.012887246831003582f,0f,0f,0f,1f], start_interpolation: 0, interpolation_duration: 1 }
$data merge entity $(bone_rightarmtop) { transformation: [-0.8921919873637054f,0.29274775717323137f,0.3731407892898096f,-0.43375356816351973f,0.3925247075768678f,0.9019714753165372f,0.2308974922661158f,0.02617550547330949f,-0.2661947631030213f,0.34883814106707056f,-0.9101616008771048f,-0.41961546577114506f,0f,0f,0f,1f], start_interpolation: 0, interpolation_duration: 1 }
$data merge entity $(bone_weapon) { transformation: [-1.1085040174803489f,0.18206162424790504f,0.060806317156534256f,-0.5789259299688877f,0.18950124117487657f,1.0947290736473059f,0.17686869396389107f,0.780767081773977f,-0.03054705915644918f,0.18451780479814406f,-1.1093444266274413f,-0.44558997327192323f,0f,0f,0f,1f], start_interpolation: 0, interpolation_duration: 1 }
$data merge entity $(bone_rightarmhand) { transformation: [-0.9853369044269769f,0.1618325548870267f,0.05405005969469712f,-0.25468890788880916f,0.1684455477110014f,0.9730925099087163f,0.15721661685679206f,0.011339508658312791f,-0.027152941472399272f,0.16401582648723917f,-0.9860839347799477f,-0.2969634463933692f,0f,0f,0f,1f], start_interpolation: 0, interpolation_duration: 1 }
$data merge entity $(bone_weaponcase) { transformation: [-0.9853369044269769f,0.1618325548870267f,0.05405005969469712f,-0.4113368445376774f,0.1684455477110014f,0.9730925099087163f,0.15721661685679206f,1.1639717393312754f,-0.027152941472399272f,0.16401582648723917f,-0.9860839347799477f,-0.12177946522636239f,0f,0f,0f,1f], start_interpolation: 0, interpolation_duration: 1 }
$data merge entity $(bone_backpack) { transformation: [-1.037702810512235f,0f,0.09078723202881074f,0f,0f,1.0416666666666667f,0f,0f,-0.09078723202881074f,0f,-1.037702810512235f,0f,0f,0f,0f,1f], start_interpolation: 0, interpolation_duration: 1 }
$data merge entity $(bone_thorax) { transformation: [-1.0065717261968679f,0f,0.0880636150679464f,0f,0f,1.0104166666666665f,0f,0f,-0.0880636150679464f,0f,-1.0065717261968679f,0f,0f,0f,0f,1f], start_interpolation: 0, interpolation_duration: 1 }
$data merge entity $(bone_leftlegtop) { transformation: [-0.9917418234032219f,-0.08682408748419046f,0.09439138491086119f,0.11875f,-0.0943913088512054f,0.9924038794432993f,-0.0788975340504744f,0.75f,-0.08682417017287908f,-0.08715571064724938f,-0.9924038722089732f,1.4542680739874818e-17f,0f,0f,0f,1f], start_interpolation: 0, interpolation_duration: 1 }
$data merge entity $(bone_leftlegbottom) { transformation: [-0.9945694484739755f,-0.09472050569638524f,0.04312351983306978f,0.15130903280657143f,-0.09464596340895848f,0.9955038506545721f,0.003771596785085124f,0.37784854520876276f,-0.04328687760236592f,-0.00033035214577789573f,-0.999062629215455f,0.03268339149271853f,0f,0f,0f,1f], start_interpolation: 0, interpolation_duration: 1 }
$data merge entity $(bone_rightlegtop) { transformation: [-0.9990482215818578f,0.0435778713738291f,-0.0019026509541271116f,-0.11875f,0.043619387365336f,0.9980973490458728f,-0.04357787137382909f,0.75f,-1.2245654089265634e-16f,-0.04361938736533599f,-0.9990482215818578f,-1.4542680739874818e-17f,0f,0f,0f,1f], start_interpolation: 0, interpolation_duration: 1 }
$data merge entity $(bone_rightlegbottom) { transformation: [-0.9990482215818578f,0.04357787137382908f,0.0019026509541273566f,-0.1350917017651859f,0.043619387365336f,0.9980973490458728f,0.0435778713738291f,0.3757134941077977f,-1.2245654089265634e-16f,0.04361938736533602f,-0.9990482215818578f,0.016357270262000984f,0f,0f,0f,1f], start_interpolation: 0, interpolation_duration: 1 }