# This file was generated by Animated Java via MC-Build. It is not recommended to edit this file directly.
$data merge entity $(bone_head) { transformation: [-0.9961946980917455f,-0.04682874644349334f,0.07350640788684347f,-0.03979279087603568f,0f,0.8433914458128857f,0.537299608346824f,1.1731400052184264f,-0.0871557427476583f,0.5352550211218773f,-0.8401820867347285f,0.4548336809859316f,0f,0f,0f,1f], start_interpolation: 0, interpolation_duration: 1 }
$data merge entity $(bone_leftarmtop) { transformation: [-0.8688030036716706f,-0.4890116149589309f,0.07777519685826148f,0.2781501840903074f,-0.33761219448357377f,0.6999205225768778f,0.6293880108579254f,1.073970837682022f,-0.3622145040539772f,0.520556339420594f,-0.7731893368004777f,0.4062642370969195f,0f,0f,0f,1f], start_interpolation: 0, interpolation_duration: 1 }
$data merge entity $(bone_leftarmbottom) { transformation: [-0.8688030036716706f,-0.397846010725165f,0.29478787722895744f,0.42755318169477985f,-0.33761219448357377f,0.9114561270898561f,0.23508665322885852f,0.9095410881154143f,-0.3622145040539772f,0.10472000830993006f,-0.9261934856780734f,0.2874443554934578f,0f,0f,0f,1f], start_interpolation: 0, interpolation_duration: 1 }
$data merge entity $(bone_rightarmtop) { transformation: [-0.9163937482515071f,0.23544854902306214f,0.3545818935115915f,-0.3814549663768169f,0.4255061676187969f,0.4861386018780997f,0.7768884098505707f,0.2808215544194129f,0.010432629663475414f,0.8539174906305167f,-0.5400536266995748f,-0.8134667377196709f,0f,0f,0f,1f], start_interpolation: 0, interpolation_duration: 1 }
$data merge entity $(bone_weapon) { transformation: [-1.115600848701531f,0.14058975463320444f,0.035975926236846964f,-0.5881618603021043f,0.12769717090771962f,0.8185259762725534f,0.7611397103746644f,0.8187221931306806f,0.06894330220252258f,0.7588641163339052f,-0.827645500212605f,-0.3420360014880571f,0f,0f,0f,1f], start_interpolation: 0, interpolation_duration: 1 }
$data merge entity $(bone_rightarmhand) { transformation: [-0.9916451988458054f,0.12496867078507062f,0.031978601099419524f,-0.23078060553367297f,0.11350859636241745f,0.727578645575603f,0.6765686314441461f,0.10930455004681539f,0.061282935291131185f,0.6745458811856935f,-0.7356848890778711f,-0.6390941231940209f,0f,0f,0f,1f], start_interpolation: 0, interpolation_duration: 1 }
$data merge entity $(bone_weaponcase) { transformation: [-0.9916451988458054f,0.12496867078507062f,0.031978601099419524f,-0.4310688880037141f,0.11350859636241745f,0.727578645575603f,0.6765686314441461f,0.9668491063189498f,0.061282935291131185f,0.6745458811856935f,-0.7356848890778711f,0.1408360021462106f,0f,0f,0f,1f], start_interpolation: 0, interpolation_duration: 1 }
$data merge entity $(bone_backpack) { transformation: [-1.037702810512235f,-0.05526776510560512f,0.07202635378585241f,0.03979279087603568f,0f,0.8264097294700367f,0.6341264885507508f,-0.01689000521842643f,-0.09078723202881074f,0.6317134458137939f,-0.8232649909494842f,-0.4548336809859316f,0f,0f,0f,1f], start_interpolation: 0, interpolation_duration: 1 }
$data merge entity $(bone_thorax) { transformation: [-1.0065717261968679f,-0.05360973215243695f,0.06986556317227684f,0.03979279087603568f,0f,0.8016174375859354f,0.6151026938942282f,-0.01689000521842643f,-0.0880636150679464f,0.6127620424393799f,-0.7985670412209995f,-0.4548336809859316f,0f,0f,0f,1f], start_interpolation: 0, interpolation_duration: 1 }
$data merge entity $(bone_leftlegtop) { transformation: [-0.9917418234032214f,0.019269142122315574f,0.12679454197529028f,0.11875f,-0.09439130885120792f,0.5596379194698f,-0.8233442049986565f,0.578125f,-0.08682417017288173f,-0.8285131859260803f,-0.5531974911551993f,1.4542680739874818e-17f,0f,0f,0f,1f], start_interpolation: 0, interpolation_duration: 1 }
$data merge entity $(bone_leftlegbottom) { transformation: [-0.9963808141305543f,-0.07824523894098537f,0.03321077860577451f,0.11152407170413166f,-0.0606519694655078f,0.9281819469312995f,0.367150666608107f,0.368260780198825f,-0.05955343678150556f,0.36380758097363824f,-0.9295684117877612f,0.3106924447222801f,0f,0f,0f,1f], start_interpolation: 0, interpolation_duration: 1 }
$data merge entity $(bone_rightlegtop) { transformation: [-0.9853041556045231f,0.16058265668625973f,0.0582145284275381f,-0.11875f,0.16178885566051804f,0.7681075578683791f,0.6195443048963768f,0.578125f,0.05477305115216666f,0.6198580401326238f,-0.7828000529831515f,-1.4542680739874818e-17f,0f,0f,0f,1f], start_interpolation: 0, interpolation_duration: 1 }
$data merge entity $(bone_rightlegbottom) { transformation: [-0.9852312857397685f,-0.09355854861383477f,0.14340889644940258f,-0.1789684962573474f,0.06422380933977026f,0.5744704280642284f,0.8160018563665103f,0.2900846657993578f,-0.15872811947935253f,0.8131608237372083f,-0.5599775520729143f,-0.23244676504973397f,0f,0f,0f,1f], start_interpolation: 0, interpolation_duration: 1 }