# This file was generated by Animated Java via MC-Build. It is not recommended to edit this file directly.
$data merge entity $(bone_head) { transformation: [-0.9961946980917455f,-0.03769304645062338f,0.07858344445980424f,-0.03451810930844423f,-3.469446951953614e-18f,0.9016439075888161f,0.43247920633016623f,1.2267453861449342f,-0.08715574274765829f,0.4308334923810375f,-0.8982128803067023f,0.39454379478795015f,0f,0f,0f,1f], start_interpolation: 0, interpolation_duration: 1 }
$data merge entity $(bone_leftarmtop) { transformation: [-0.8468512561398714f,-0.5200717378364064f,0.11121302746595002f,0.2825457520633003f,-0.39850595260292804f,0.7590048609447048f,0.5148831195546638f,1.1205951134541117f,-0.35218738721645715f,0.39171036310790863f,-0.850015903215649f,0.3560226652652683f,0f,0f,0f,1f], start_interpolation: 0, interpolation_duration: 1 }
$data merge entity $(bone_leftarmbottom) { transformation: [-0.8468512561398714f,-0.33598503413017405f,0.41225842236983806f,0.43902778827677286f,-0.39850595260292804f,0.914213543603461f,-0.07352960241994894f,0.943297209236777f,-0.35218738721645715f,-0.2265560714978716f,-0.9080949238670463f,0.26910093033880544f,0f,0f,0f,1f], start_interpolation: 0, interpolation_duration: 1 }
$data merge entity $(bone_rightarmtop) { transformation: [-0.912720871598672f,0.22801050437522052f,0.36863757366890304f,-0.3680734644457824f,0.43230445323523414f,0.5413915982620603f,0.7354929213269252f,0.25015362306597777f,-0.031548542580023584f,0.8220998646780006f,-0.5865989620134585f,-0.8074262292107333f,0f,0f,0f,1f], start_interpolation: 0, interpolation_duration: 1 }
$data merge entity $(bone_weapon) { transformation: [-1.112805695318992f,0.15952663546763246f,0.04289215594945286f,-0.5876310210831285f,0.15605261795459277f,0.9193675847015853f,0.6293137727950114f,0.7847312485207552f,0.05418546756403383f,0.6284421188751994f,-0.9315306963962684f,-0.35769286411350665f,0f,0f,0f,1f], start_interpolation: 0, interpolation_duration: 1 }
$data merge entity $(bone_rightarmhand) { transformation: [-0.9891606180613262f,0.14180145374900663f,0.038126360843958096f,-0.24422205797269342f,0.13871343818186024f,0.8172156308458536f,0.5593900202622324f,0.032962464804483727f,0.04816486005691896f,0.558615216777955f,-0.8280272856855719f,-0.5478303436780936f,0f,0f,0f,1f], start_interpolation: 0, interpolation_duration: 1 }
$data merge entity $(bone_weaponcase) { transformation: [-0.9891606180613262f,0.14180145374900663f,0.038126360843958096f,-0.4247193849636418f,0.13871343818186024f,0.8172156308458536f,0.5593900202622324f,1.0000127938810834f,0.04816486005691896f,0.558615216777955f,-0.8280272856855719f,0.0971684458416717f,0f,0f,0f,1f], start_interpolation: 0, interpolation_duration: 1 }
$data merge entity $(bone_backpack) { transformation: [-1.037702810512235f,-0.047941818483950314f,0.07709671549362576f,0.03451810930844423f,-3.614007241618348e-18f,0.8845856057568531f,0.5500706777608f,-0.047057886144934225f,-0.09078723202881073f,0.5479774927610419f,-0.8812194904632521f,-0.39454379478795015f,0f,0f,0f,1f], start_interpolation: 0, interpolation_duration: 1 }
$data merge entity $(bone_thorax) { transformation: [-1.0065717261968679f,-0.04650356392943179f,0.07478381402881697f,0.03451810930844423f,-3.505587024369797e-18f,0.8580480375841473f,0.5335685574279759f,-0.047057886144934225f,-0.08806361506794638f,0.5315381679782105f,-0.8547829057493543f,-0.39454379478795015f,0f,0f,0f,1f], start_interpolation: 0, interpolation_duration: 1 }
$data merge entity $(bone_leftlegtop) { transformation: [-0.9917418234032214f,0.021341140982173157f,0.12646229246076737f,0.11875f,-0.09439130885120794f,0.5460916682496f,-0.8323906358685955f,0.58984375f,-0.08682417017288173f,-0.8374535483057839f,-0.53956752858548f,1.4542680739874818e-17f,0f,0f,0f,1f], start_interpolation: 0, interpolation_duration: 1 }
$data merge entity $(bone_leftlegbottom) { transformation: [-0.9963742539595168f,-0.06573218429849713f,0.054015053401477095f,0.11074707213168505f,-0.0602073720843973f,0.9933416367797993f,0.09822150979454691f,0.38505937440640003f,-0.06011171594046333f,0.0946132791260178f,-0.9936975943513777f,0.31404508061466896f,0f,0f,0f,1f], start_interpolation: 0, interpolation_duration: 1 }
$data merge entity $(bone_rightlegtop) { transformation: [-0.963944272068398f,0.2638962881009087f,0.03420803228905004f,-0.11875f,0.24827934053867476f,0.8456553406201784f,0.4724663098489149f,0.58984375f,0.09575390022451975f,0.46392434082200545f,-0.8806846181151686f,-1.4542680739874818e-17f,0f,0f,0f,1f], start_interpolation: 0, interpolation_duration: 1 }
$data merge entity $(bone_rightlegbottom) { transformation: [-0.9706856646613684f,-0.18442284441935522f,0.15413485938356739f,-0.21771110803784077f,0.016995418414108385f,0.587015698666248f,0.8093971369311275f,0.2727229972674331f,-0.2397509044275895f,0.7882897842644232f,-0.5666733802204774f,-0.17397162780825207f,0f,0f,0f,1f], start_interpolation: 0, interpolation_duration: 1 }