# This file was generated by Animated Java via MC-Build. It is not recommended to edit this file directly.
$data merge entity $(bone_head) { transformation: [-0.9961946980917455f,-0.03335305878500265f,0.08052140686538053f,-0.03268340353037186f,-3.469446951953614e-18f,0.9238795325112867f,0.3826834323650898f,1.243269052838329f,-0.0871557427476583f,0.3812272063696535f,-0.9203638919632242f,0.3735730117844046f,0f,0f,0f,1f], start_interpolation: 0, interpolation_duration: 1 }
$data merge entity $(bone_leftarmtop) { transformation: [-0.8392582135547029f,-0.5296664858281426f,0.12287825182445855f,0.28407467354502725f,-0.41894110085217795f,0.7739692566546312f,0.47482622481308134f,1.1350158773652743f,-0.34660352709938513f,0.3470230590954206f,-0.8714591163435735f,0.3385470127623137f,0f,0f,0f,1f], start_interpolation: 0, interpolation_duration: 1 }
$data merge entity $(bone_leftarmbottom) { transformation: [-0.8392582135547029f,-0.307495752407415f,0.4484328413847125f,0.4427181141756473f,-0.41894110085217795f,0.8914179401220679f,-0.17280743631364653f,0.9546154726032471f,-0.34660352709938513f,-0.3328970085175405f,-0.8769524369783908f,0.26262260821031436f,0f,0f,0f,1f], start_interpolation: 0, interpolation_duration: 1 }
$data merge entity $(bone_rightarmtop) { transformation: [-0.911485842523303f,0.22553429987319473f,0.3731885297514783f,-0.36355683036605196f,0.4336474465400378f,0.5594152721543288f,0.7210730099425305f,0.23963196684390786f,-0.045664989506920835f,0.8106359683230098f,-0.6014365102586695f,-0.8049356164903303f,0f,0f,0f,1f], start_interpolation: 0, interpolation_duration: 1 }
$data merge entity $(bone_weapon) { transformation: [-1.1117634520605617f,0.1662417311128837f,0.04439271898605741f,-0.5877211373140343f,0.16506064609139257f,0.9484084936188835f,0.5821523102620589f,0.7734325053496414f,0.048600512078325414f,0.5818161359640622f,-0.9616407718881164f,-0.3612228796811664f,0f,0f,0f,1f], start_interpolation: 0, interpolation_duration: 1 }
$data merge entity $(bone_rightarmhand) { transformation: [-0.9882341796093881f,0.14777042765589662f,0.03946019465427325f,-0.24907582942340412f,0.14672057430346006f,0.8430297721056742f,0.5174687202329413f,0.01117193692665086f,0.043200455180733704f,0.517169898634722f,-0.8547917972338812f,-0.5145736622716699f,0f,0f,0f,1f], start_interpolation: 0, interpolation_duration: 1 }
$data merge entity $(bone_weaponcase) { transformation: [-0.9882341796093881f,0.14777042765589662f,0.03946019465427325f,-0.42253959755124754f,0.14672057430346006f,0.8430297721056742f,0.5174687202329413f,1.0100156279623487f,0.043200455180733704f,0.517169898634722f,-0.8547917972338812f,0.08209263016076951f,0f,0f,0f,1f], start_interpolation: 0, interpolation_duration: 1 }
$data merge entity $(bone_backpack) { transformation: [-1.037702810512235f,-0.045393616014405364f,0.07862404927622235f,0.03268340353037186f,-3.614007241618348e-18f,0.9021097956087903f,0.5208333333333334f,-0.055769052838329f,-0.09078723202881074f,0.5188514052561175f,-0.8986769954821051f,-0.3735730117844046f,0f,0f,0f,1f], start_interpolation: 0, interpolation_duration: 1 }
$data merge entity $(bone_thorax) { transformation: [-1.0065717261968679f,-0.04403180753397319f,0.07626532779793567f,0.03268340353037186f,-3.505587024369797e-18f,0.8750465017405265f,0.5052083333333333f,-0.055769052838329f,-0.0880636150679464f,0.5032858630984339f,-0.8717166856176418f,-0.3735730117844046f,0f,0f,0f,1f], start_interpolation: 0, interpolation_duration: 1 }
$data merge entity $(bone_leftlegtop) { transformation: [-0.9917418234032214f,0.022030564944497906f,0.1263440141877719f,0.11875f,-0.09439130885120792f,0.5415435816239922f,-0.8353567082481677f,0.59375f,-0.08682417017288174f,-0.8403839618948501f,-0.5349919252322466f,1.4542680739874818e-17f,0f,0f,0f,1f], start_interpolation: 0, interpolation_duration: 1 }
$data merge entity $(bone_leftlegbottom) { transformation: [-0.9963717353768353f,-0.060304192890181706f,0.0600563840238257f,0.11048853814581328f,-0.0600611955526201f,0.9981775851050693f,0.005844773956438343f,0.39067115689100296f,-0.0602994007511136f,0.0022165093448235917f,-0.9981778746072169f,0.3151439857105688f,0f,0f,0f,1f], start_interpolation: 0, interpolation_duration: 1 }
$data merge entity $(bone_rightlegtop) { transformation: [-0.954774691627272f,0.29675825680243445f,0.018434349666532145f,-0.11875f,0.2764795503996397f,0.8633033582129204f,0.4222160228000677f,0.59375f,0.10938165494661656f,0.40821789367674044f,-0.9063077870366473f,-1.4542680739874818e-17f,0f,0f,0f,1f], start_interpolation: 0, interpolation_duration: 1 }
$data merge entity $(bone_rightlegbottom) { transformation: [-0.9662893770654781f,-0.2129644784911115f,0.14467539760242223f,-0.2300343463009129f,-0.007726291513833014f,0.5856705827310531f,0.8105123521223548f,0.27001124067015486f,-0.25734246480099887f,0.7820716715394296f,-0.5675726881956787f,-0.1530817101287777f,0f,0f,0f,1f], start_interpolation: 0, interpolation_duration: 1 }