# This file was generated by Animated Java via MC-Build. It is not recommended to edit this file directly.
$data merge entity $(bone_head) { transformation: [-0.9961946980917455f,-0.02936188539654866f,0.08206097233067579f,-0.028269784837967556f,3.469446951953614e-18f,0.9415440651830207f,0.3368898533922201f,1.269982930691612f,-0.08715574274765832f,0.33560788579023504f,-0.9379612057550741f,0.32312511928577825f,0f,0f,0f,1f], start_interpolation: 0, interpolation_duration: 1 }
$data merge entity $(bone_leftarmtop) { transformation: [-0.8619727679558217f,-0.49405371132835973f,0.11363924333280728f,0.28775268912203084f,-0.40989828739309586f,0.8111147242740228f,0.4172245175658821f,1.15727744224301f,-0.29830578488320697f,0.31305564104253064f,-0.9016705741659f,0.29650710234679173f,0f,0f,0f,1f], start_interpolation: 0, interpolation_duration: 1 }
$data merge entity $(bone_leftarmbottom) { transformation: [-0.8619727679558217f,-0.31417535351619785f,0.3978652969857403f,0.4382027659527402f,-0.40989828739309586f,0.8937264061846275f,-0.18230881734166693f,0.9673080826555387f,-0.29830578488320697f,-0.3202295397543494f,-0.8991477634815822f,0.22756524786375928f,0f,0f,0f,1f], start_interpolation: 0, interpolation_duration: 1 }
$data merge entity $(bone_rightarmtop) { transformation: [-0.9085940780292387f,0.23356138270006271f,0.3752968453893668f,-0.37169662786088864f,0.43497369658340784f,0.6251691716043003f,0.6640054445815455f,0.17200381802373288f,-0.0787180089213446f,0.7586530350987896f,-0.6627147860766585f,-0.7660132818746177f,0f,0f,0f,1f], start_interpolation: 0, interpolation_duration: 1 }
$data merge entity $(bone_weapon) { transformation: [-1.111246805415945f,0.16856704536426248f,0.04838066421639371f,-0.5859399133913923f,0.1715603648947236f,0.9805457104110297f,0.5241394385005945f,0.7542620932825289f,0.036367274437962206f,0.5251097609183168f,-0.9942646329515408f,-0.3770223134796526f,0f,0f,0f,1f], start_interpolation: 0, interpolation_duration: 1 }
$data merge entity $(bone_rightarmhand) { transformation: [-0.9877749381475067f,0.1498373736571222f,0.04300503485901663f,-0.24977763868393643f,0.1524981021286432f,0.8715961870320263f,0.4659017231116396f,-0.01691772818456516f,0.03232646616707752f,0.4667642319273928f,-0.883790784845814f,-0.48432976557637314f,0f,0f,0f,1f], start_interpolation: 0, interpolation_duration: 1 }
$data merge entity $(bone_weaponcase) { transformation: [-0.9877749381475067f,0.1498373736571222f,0.04300503485901663f,-0.4207582283078794f,0.1524981021286432f,0.8715961870320263f,0.4659017231116396f,1.0160492048331855f,0.03232646616707752f,0.4667642319273928f,-0.883790784845814f,0.05189221808687655f,0f,0f,0f,1f], start_interpolation: 0, interpolation_duration: 1 }
$data merge entity $(bone_backpack) { transformation: [-1.037702810512235f,-0.03926359005273272f,0.08185775464562943f,0.028269784837967556f,3.614007241618348e-18f,0.9392124037383501f,0.45049917326058986f,-0.08248293069161206f,-0.09078723202881075f,0.44878488789691423f,-0.9356384169861484f,-0.32312511928577825f,0f,0f,0f,1f], start_interpolation: 0, interpolation_duration: 1 }
$data merge entity $(bone_thorax) { transformation: [-1.0065717261968679f,-0.03808568235115073f,0.07940202200626054f,0.028269784837967556f,3.505587024369797e-18f,0.9110360316261994f,0.43698419806277206f,-0.08248293069161206f,-0.08806361506794641f,0.4353213412600067f,-0.9075692644765637f,-0.32312511928577825f,0f,0f,0f,1f], start_interpolation: 0, interpolation_duration: 1 }
$data merge entity $(bone_leftlegtop) { transformation: [-0.9917418234032214f,0.023407426302542306f,0.12609618593258362f,0.11875f,-0.09439130885120794f,0.5323992150848347f,-0.8412142156373774f,0.59375f,-0.08682417017288174f,-0.8461697041202452f,-0.5257931107411427f,1.4542680739874818e-17f,0f,0f,0f,1f], start_interpolation: 0, interpolation_duration: 1 }
$data merge entity $(bone_leftlegbottom) { transformation: [-0.996366200865096f,-0.06099903133762134f,0.059443350759584554f,0.10997221513654663f,-0.05977190251752922f,0.9979649635981954f,0.022209257076446998f,0.394100294343187f,-0.06067712454533505f,0.01857551093037857f,-0.9979845875315838f,0.3173136390450919f,0f,0f,0f,1f], start_interpolation: 0, interpolation_duration: 1 }
$data merge entity $(bone_rightlegtop) { transformation: [-0.9594925717041246f,0.2811310613035044f,0.01842094500753045f,-0.11875f,0.26238026713137136f,0.8678527706122245f,0.42188643490962807f,0.59375f,0.10261871303361486f,0.40963019287041197f,-0.9064615296990125f,-1.4542680739874818e-17f,0f,0f,0f,1f], start_interpolation: 0, interpolation_duration: 1 }
$data merge entity $(bone_rightlegbottom) { transformation: [-0.9678720332290796f,-0.21119168831508106f,0.13646170920676967f,-0.22417414798881413f,-0.012846249120822273f,0.5835376915051099f,0.8119844434940937f,0.2683052110204158f,-0.25111491627645915f,0.7841440131630879f,-0.5675028329831966f,-0.1536113223264045f,0f,0f,0f,1f], start_interpolation: 0, interpolation_duration: 1 }