# This file was generated by Animated Java via MC-Build. It is not recommended to edit this file directly.
$data merge entity $(bone_head) { transformation: [-0.9961946980917455f,-0.02529997665437694f,0.08340284572593415f,-0.023691417319965172f,-3.469446951953614e-18f,0.9569403357322089f,0.2902846772544624f,1.2927559019620989f,-0.08715574274765829f,0.2891800564181689f,-0.9532988888465614f,0.2707941390937475f,0f,0f,0f,1f], start_interpolation: 0, interpolation_duration: 1 }
$data merge entity $(bone_leftarmtop) { transformation: [-0.8831595281810641f,-0.4571733616908917f,0.10498459479013786f,0.2915679953870328f,-0.3951835927560363f,0.8457427668281068f,0.3585374462651984f,1.176254918301749f,-0.25270373127326695f,0.27515757252561285f,-0.92759319449982f,0.25289795218676614f,0f,0f,0f,1f], start_interpolation: 0, interpolation_duration: 1 }
$data merge entity $(bone_leftarmbottom) { transformation: [-0.8831595281810641f,-0.3142778040720787f,0.3482222130344823f,0.43346007106541395f,-0.3951835927560363f,0.898440547117069f,-0.19140144020464733f,0.9771687138683485f,-0.25270373127326695f,-0.3066497108487372f,-0.9176637614273294f,0.1920055506576525f,0f,0f,0f,1f], start_interpolation: 0, interpolation_duration: 1 }
$data merge entity $(bone_rightarmtop) { transformation: [-0.9057019220662388f,0.2420304935360648f,0.3769179072981108f,-0.3803007783921987f,0.43376503502101565f,0.6860524331092657f,0.6017655637337943f,0.1085036582908876f,-0.11177550284617543f,0.7012097685438525f,-0.7188552968017549f,-0.7212282464367397f,0f,0f,0f,1f], start_interpolation: 0, interpolation_duration: 1 }
$data merge entity $(bone_weapon) { transformation: [-1.110701376292466f,0.17110918769173933f,0.051856519257422726f,-0.5843290874822431f,0.177163113485346f,1.0092845732961708f,0.46430903644721916f,0.7338119797410724f,0.02409738413605796f,0.4665739984116559f,-1.0234026676162025f,-0.39153221384932074f,0f,0f,0f,1f], start_interpolation: 0, interpolation_duration: 1 }
$data merge entity $(bone_rightarmhand) { transformation: [-0.9872901122599698f,0.15209705572599053f,0.046094683784375756f,-0.2506771356264382f,0.15747832309808532f,0.8971418429299296f,0.41271914350863925f,-0.043492347008453835f,0.021419897009829297f,0.41473244303258305f,-0.9096912601032912f,-0.4524636498185936f,0f,0f,0f,1f], start_interpolation: 0, interpolation_duration: 1 }
$data merge entity $(bone_weaponcase) { transformation: [-0.9872901122599698f,0.15209705572599053f,0.046094683784375756f,-0.4189489240240635f,0.15747832309808532f,0.8971418429299296f,0.41271914350863925f,1.0199253998526838f,0.021419897009829297f,0.41473244303258305f,-0.9096912601032912f,0.021473438190191152f,0f,0f,0f,1f], start_interpolation: 0, interpolation_duration: 1 }
$data merge entity $(bone_backpack) { transformation: [-1.037702810512235f,-0.03290474627772941f,0.08461441468125493f,0.023691417319965172f,-3.614007241618348e-18f,0.9708415305029152f,0.3775396232121893f,-0.10525590196209889f,-0.09078723202881073f,0.37610297096353823f,-0.9671471853742798f,-0.2707941390937475f,0f,0f,0f,1f], start_interpolation: 0, interpolation_duration: 1 }
$data merge entity $(bone_thorax) { transformation: [-1.0065717261968679f,-0.03191760388939752f,0.08207598224081726f,0.023691417319965172f,-3.505587024369797e-18f,0.9417162845878275f,0.36621343451582355f,-0.10525590196209889f,-0.08806361506794638f,0.364819881834632f,-0.9381327698130512f,-0.2707941390937475f,0f,0f,0f,1f], start_interpolation: 0, interpolation_duration: 1 }
$data merge entity $(bone_leftlegtop) { transformation: [-0.9917418234032214f,0.027520645224392112f,0.12526280293561529f,0.11875f,-0.09439130885120792f,0.5045904042852105f,-0.858183433023875f,0.59375f,-0.08682417017288172f,-0.8629201226009978f,-0.4978256978944232f,1.4542680739874818e-17f,0f,0f,0f,1f], start_interpolation: 0, interpolation_duration: 1 }
$data merge entity $(bone_leftlegbottom) { transformation: [-0.9963456249292506f,-0.06308649381465661f,0.05758029161539967f,0.10842975804085295f,-0.05892881069450333f,0.9957160244503765f,0.07125302746458223f,0.40452859839304606f,-0.06182872273039904f,0.06759950407296195f,-0.9957949166844632f,0.3235950459753742f,0f,0f,0f,1f], start_interpolation: 0, interpolation_duration: 1 }
$data merge entity $(bone_rightlegtop) { transformation: [-0.9721216410234297f,0.2337517853303964f,0.018428725098782392f,-0.11875f,0.2195581641310352f,0.8798659545439447f,0.42146187798884305f,0.59375f,0.08230265862852562f,0.41375838950929483f,-0.9066588484613995f,-1.4542680739874818e-17f,0f,0f,0f,1f], start_interpolation: 0, interpolation_duration: 1 }
$data merge entity $(bone_rightlegbottom) { transformation: [-0.9722105722068024f,-0.20566835242534812f,0.11183529004730468f,-0.20640691949889864f,-0.02809586160892069f,0.5767583852662401f,0.8164314959539053f,0.2638002670460208f,-0.232416061944467f,0.7906012230168394f,-0.56650902933184f,-0.15515939606598558f,0f,0f,0f,1f], start_interpolation: 0, interpolation_duration: 1 }