# This file was generated by Animated Java via MC-Build. It is not recommended to edit this file directly.
$data merge entity $(bone_head) { transformation: [-0.9961946980917455f,-0.021177118052428605f,0.08454379436061228f,-0.018974982490782707f,0f,0.970031253194544f,0.24298017990326404f,1.3114552517991567f,-0.08715574274765832f,0.24205556696101005f,-0.9663399914156964f,0.21688504231362676f,0f,0f,0f,1f], start_interpolation: 0, interpolation_duration: 1 }
$data merge entity $(bone_leftarmtop) { transformation: [-0.9027385297428143f,-0.41911772603487507f,0.09697153521078904f,0.29549835774468486f,-0.3752161831475446f,0.8773710507958447f,0.2990532647031021f,1.1918377098326305f,-0.21041854201084592f,0.23358161517711704f,-0.9492964058866331f,0.20797370486999886f,0f,0f,0f,1f], start_interpolation: 0, interpolation_duration: 1 }
$data merge entity $(bone_leftarmbottom) { transformation: [-0.9027385297428143f,-0.30800247992653784f,0.3003291848570241f,0.4284883683078666f,-0.3752161831475446f,0.9052157628037335f,-0.19949245267889976f,0.9842204528570301f,-0.21041854201084592f,-0.292777893856004f,-0.9327406617314764f,0.15615388051355855f,0f,0f,0f,1f], start_interpolation: 0, interpolation_duration: 1 }
$data merge entity $(bone_rightarmtop) { transformation: [-0.9028262293539655f,0.25090215819381906f,0.3780142151850407f,-0.3893325863045648f,0.4300285056126242f,0.7416097116932268f,0.5348199324638525f,0.04963835816371609f,-0.14464482095412756f,0.6387526773437041f,-0.7694249367125917f,-0.6709935702312579f,0f,0f,0f,1f], start_interpolation: 0, interpolation_duration: 1 }
$data merge entity $(bone_weapon) { transformation: [-1.1101319122897593f,0.17386037835142557f,0.054815200039599464f,-0.5829001065101395f,0.18191096835520423f,1.0345170030902486f,0.4028746329929977f,0.7121795230674351f,0.011854826356973613f,0.4064137536509682f,-1.0489577321967631f,-0.40465767931710106f,0f,0f,0f,1f], start_interpolation: 0, interpolation_duration: 1 }
$data merge entity $(bone_rightarmhand) { transformation: [-0.9867839220353416f,0.1545425585346005f,0.048724622257421746f,-0.25177807891766546f,0.16169863853795932f,0.9195706694135543f,0.3581107848826646f,-0.06845441225297555f,0.010537623428420989f,0.36125666991197175f,-0.9324068730637894f,-0.419050146764263f,0f,0f,0f,1f], start_interpolation: 0, interpolation_duration: 1 }
$data merge entity $(bone_weaponcase) { transformation: [-0.9867839220353416f,0.1545425585346005f,0.048724622257421746f,-0.4171246737658886f,0.16169863853795932f,0.9195706694135543f,0.3581107848826646f,1.0216464978346966f,0.010537623428420989f,0.36125666991197175f,-0.9324068730637894f,-0.009014085059775051f,0f,0f,0f,1f], start_interpolation: 0, interpolation_duration: 1 }
$data merge entity $(bone_backpack) { transformation: [-1.037702810512235f,-0.02635414234830932f,0.08687796429784811f,0.018974982490782707f,0f,0.9968128497210509f,0.3023798721400651f,-0.12395525179915667f,-0.09078723202881075f,0.3012292254355928f,-0.9930196758818349f,-0.21688504231362676f,0f,0f,0f,1f], start_interpolation: 0, interpolation_duration: 1 }
$data merge entity $(bone_thorax) { transformation: [-1.0065717261968679f,-0.02556351807786003f,0.08427162536891264f,0.018974982490782707f,0f,0.9669084642294192f,0.2933084759758631f,-0.12395525179915667f,-0.08806361506794641f,0.2921923486725249f,-0.9632290856053797f,-0.21688504231362676f,0f,0f,0f,1f], start_interpolation: 0, interpolation_duration: 1 }
$data merge entity $(bone_leftlegtop) { transformation: [-0.9917418234032214f,0.03160439435001872f,0.1242952853917724f,0.11875f,-0.09439130885120792f,0.47624126544206624f,-0.8742336860951397f,0.59375f,-0.08682417017288173f,-0.8787465046006772f,-0.4693252008212243f,1.4542680739874818e-17f,0f,0f,0f,1f], start_interpolation: 0, interpolation_duration: 1 }
$data merge entity $(bone_leftlegbottom) { transformation: [-0.9963191083562454f,-0.06518087456719776f,0.055674840950570625f,0.10689835211874298f,-0.05812359680027144f,0.9910552552957004f,0.12012963183899888f,0.4151595254592252f,-0.06300699817651673f,0.11645142567366518f,-0.9911958351604162f,0.3295299392252539f,0f,0f,0f,1f], start_interpolation: 0, interpolation_duration: 1 }
$data merge entity $(bone_rightlegtop) { transformation: [-0.9824284758381379f,0.185726011707431f,0.01844284244916367f,-0.11875f,0.17605736918257384f,0.8893907282980229f,0.42188616376224447f,0.59375f,0.061952341512362404f,0.41771997916398923f,-0.9064612106363802f,-1.4542680739874818e-17f,0f,0f,0f,1f], start_interpolation: 0, interpolation_duration: 1 }
$data merge entity $(bone_rightlegbottom) { transformation: [-0.9759492606555568f,-0.19979992447148825f,0.08719536000877358f,-0.18839725439028662f,-0.0432245824742955f,0.569398602278778f,0.8209243979763889f,0.2602284768882414f,-0.21366954882667494f,0.7974115762290898f,-0.5643404132259568f,-0.156644992186496f,0f,0f,0f,1f], start_interpolation: 0, interpolation_duration: 1 }