# This file was generated by Animated Java via MC-Build. It is not recommended to edit this file directly.
$data merge entity $(bone_head) { transformation: [-0.9961946980917455f,-0.017003241918195498f,0.08548106958951388f,-0.01414796648459383f,0f,0.9807852804032305f,0.1950903220161283f,1.32597200533995f,-0.08715574274765832f,0.19434794444147838f,-0.9770530963041242f,0.16171199689662177f,0f,0f,0f,1f], start_interpolation: 0, interpolation_duration: 1 }
$data merge entity $(bone_leftarmtop) { transformation: [-0.9206365376588602f,-0.3799872727324442f,0.08965510631785122f,0.2995208710831756f,-0.35048324485994276f,0.905552042607866f,0.23903345623817396f,1.2039350044499584f,-0.17201703578410937f,0.1886403209551995f,-0.9668634695291614f,0.1619961670224947f,0f,0f,0f,1f], start_interpolation: 0, interpolation_duration: 1 }
$data merge entity $(bone_leftarmbottom) { transformation: [-0.9206365376588602f,-0.2956547063718182f,0.254983646784848f,0.42328758106812603f,-0.35048324485994276f,0.9136078387345977f,-0.20611213471104178f,0.9884995951998651f,-0.17201703578410937f,-0.279121857981225f,-0.9447227782779226f,0.12021161915194824f,0f,0f,0f,1f], start_interpolation: 0, interpolation_duration: 1 }
$data merge entity $(bone_rightarmtop) { transformation: [-0.8999837586686121f,0.2601336174296088f,0.37855194556821486f,-0.39875158574633024f,0.4237858838629063f,0.7914266447089515f,0.46367146878047577f,-0.004125754493019107f,-0.17713440955678306f,0.571765867646447f,-0.8140325754066927f,-0.6157654736651785f,0f,0f,0f,1f], start_interpolation: 0, interpolation_duration: 1 }
$data merge entity $(bone_weapon) { transformation: [-1.1095424947241048f,0.17681212565388824f,0.05725316256036507f,-0.5816635783798286f,0.18585036988133258f,1.0561474742063084f,0.3400546319969881f,0.689468631873172f,-0.0003040006281018262f,0.3448405210374627f,-1.0708454242486305f,-0.41631170373775617f,0f,0f,0f,1f], start_interpolation: 0, interpolation_duration: 1 }
$data merge entity $(bone_rightarmhand) { transformation: [-0.9862599953103154f,0.15716633391456733f,0.05089170005365784f,-0.2530835736171063f,0.16520032878340674f,0.9387977548500519f,0.30227078399732277f,-0.09171020464601853f,-0.00027022278053495663f,0.30652490758885576f,-0.9518625993321159f,-0.38417003149355977f,0f,0f,0f,1f], start_interpolation: 0, interpolation_duration: 1 }
$data merge entity $(bone_weaponcase) { transformation: [-0.9862599953103154f,0.15716633391456733f,0.05089170005365784f,-0.41529832135113903f,0.16520032878340674f,0.9387977548500519f,0.30227078399732277f,1.021224882579586f,-0.00027022278053495663f,0.30652490758885576f,-0.9518625993321159f,-0.03942239953690596f,0f,0f,0f,1f], start_interpolation: 0, interpolation_duration: 1 }
$data merge entity $(bone_backpack) { transformation: [-1.037702810512235f,-0.019649953450824764f,0.08863521212719885f,0.01414796648459383f,0f,1.0169750074165973f,0.22545793118552385f,-0.13847200533994997f,-0.09078723202881075f,0.2245999956897525f,-1.0131051104802278f,-0.16171199689662177f,0f,0f,0f,1f], start_interpolation: 0, interpolation_duration: 1 }
$data merge entity $(bone_thorax) { transformation: [-1.0065717261968679f,-0.01906045484730002f,0.08597615576338287f,0.01414796648459383f,0f,0.9864657571940992f,0.2186941932499581f,-0.13847200533994997f,-0.08806361506794641f,0.21786199581905988f,-0.9827119571658208f,-0.16171199689662177f,0f,0f,0f,1f], start_interpolation: 0, interpolation_duration: 1 }
$data merge entity $(bone_leftlegtop) { transformation: [-0.9917418234032214f,0.032958338391930596f,0.12394314681859842f,0.11875f,-0.09439130885120792f,0.46667671043282766f,-0.879376556858864f,0.59375f,-0.08682417017288173f,-0.8838136658086012f,-0.45971183104609425f,1.4542680739874818e-17f,0f,0f,0f,1f], start_interpolation: 0, interpolation_duration: 1 }
$data merge entity $(bone_leftlegbottom) { transformation: [-0.9963089540819944f,-0.06588096896925652f,0.05502877377985243f,0.10639062310302602f,-0.05786375970244056f,0.9889674442180739f,0.13636414334372926f,0.41874623358768964f,-0.06340546765966269f,0.1326766452863607f,-0.9891292405274533f,0.33143012467822547f,0f,0f,0f,1f], start_interpolation: 0, interpolation_duration: 1 }
$data merge entity $(bone_rightlegtop) { transformation: [-0.9853411870539053f,0.16959634385084177f,0.018434349666528335f,-0.11875f,0.16143052944034697f,0.8920055012473291f,0.4222160228000714f,0.59375f,0.05516275246767562f,0.4190027039255573f,-0.9063077870366456f,-1.4542680739874818e-17f,0f,0f,0f,1f], start_interpolation: 0, interpolation_duration: 1 }
$data merge entity $(bone_rightlegbottom) { transformation: [-0.9770645561688877f,-0.19775845934532352f,0.07897116458466888f,-0.18234862894406567f,-0.048250727089737655f,0.5668147695931952f,0.822431081797329f,0.2592479370322516f,-0.20740472611251282f,0.7997578438054717f,-0.5633566107341035f,-0.157126013972084f,0f,0f,0f,1f], start_interpolation: 0, interpolation_duration: 1 }