# This file was generated by Animated Java via MC-Build. It is not recommended to edit this file directly.
$data merge entity $(bone_head) { transformation: [-0.9961946980917455f,-0.014666074078778799f,0.08591291966294572f,-0.010647956980452594f,8.673617379884035e-19f,0.985740204310909f,0.1682743284196594f,1.3727949990636592f,-0.0871557427476583f,0.16763399379661378f,-0.9819891652304016f,0.12170670520412571f,0f,0f,0f,1f], start_interpolation: 0, interpolation_duration: 1 }
$data merge entity $(bone_leftarmtop) { transformation: [-0.9361775498046256f,-0.34165446933655247f,0.08272737650963304f,0.30243754566995995f,-0.3202386322059991f,0.9259554260427784f,0.20013437342137846f,1.2494645825530495f,-0.14497866630866307f,0.16086880544187443f,-0.9762696419284304f,0.12865842394541463f,0f,0f,0f,1f], start_interpolation: 0, interpolation_duration: 1 }
$data merge entity $(bone_leftarmbottom) { transformation: [-0.9361775498046256f,-0.2794020806262575f,0.21332152395744358f,0.4171067114354926f,-0.3202386322059991f,0.9281410870323059f,-0.1897401934365001f,1.0279831832987925f,-0.14497866630866307f,-0.24594430244306933f,-0.9583801888661687f,0.09297180590709174f,0f,0f,0f,1f], start_interpolation: 0, interpolation_duration: 1 }
$data merge entity $(bone_rightarmtop) { transformation: [-0.8979829490287907f,0.26810117900441194f,0.3777435920671299f,-0.40729617319118155f,0.4178121062894282f,0.8245643571408253f,0.40800552085566977f,-0.0018432352951136544f,-0.20000376838781186f,0.5188036420719877f,-0.8436723972498407f,-0.5699579121983464f,0f,0f,0f,1f], start_interpolation: 0, interpolation_duration: 1 }
$data merge entity $(bone_weapon) { transformation: [-1.1092941692028098f,0.17791861696303077f,0.0586209170058855f,-0.5807739604429969f,0.18714568255675543f,1.0680500410377947f,0.2997842613272607f,0.7129973048348077f,-0.008242552578825866f,0.30535074189712974f,-1.0827363412899087f,-0.42476131494423f,0f,0f,0f,1f], start_interpolation: 0, interpolation_duration: 1 }
$data merge entity $(bone_rightarmhand) { transformation: [-0.9860392615136087f,0.15814988174491623f,0.052107481783009335f,-0.2532587423127609f,0.16635171782822705f,0.9493778142558175f,0.2664748989575651f,-0.06686276099862631f,-0.00732671340340077f,0.27142288168633755f,-0.9624323033688078f,-0.3631955707241201f,0f,0f,0f,1f], start_interpolation: 0, interpolation_duration: 1 }
$data merge entity $(bone_weaponcase) { transformation: [-0.9860392615136087f,0.15814988174491623f,0.052107481783009335f,-0.41429112149503317f,0.16635171782822705f,0.9493778142558175f,0.2664748989575651f,1.0583706830426214f,-0.00732671340340077f,0.27142288168633755f,-0.9624323033688078f,-0.06036338655940936f,0f,0f,0f,1f], start_interpolation: 0, interpolation_duration: 1 }
$data merge entity $(bone_backpack) { transformation: [-1.037702810512235f,-0.014788829139517493f,0.08957461711966888f,0.010647956980452594f,9.03501810404587e-19f,1.027753470921749f,0.16968278478602994f,-0.1071699990636592f,-0.09078723202881074f,0.1690370905612857f,-1.0238425586776354f,-0.12170670520412571f,0f,0f,0f,1f], start_interpolation: 0, interpolation_duration: 1 }
$data merge entity $(bone_thorax) { transformation: [-1.0065717261968679f,-0.014345164265331965f,0.08688737860607879f,0.010647956980452594f,8.763967560924493e-19f,0.9969208667940963f,0.164592301242449f,-0.1071699990636592f,-0.0880636150679464f,0.1639659778444471f,-0.9931272819173061f,-0.12170670520412571f,0f,0f,0f,1f], start_interpolation: 0, interpolation_duration: 1 }
$data merge entity $(bone_leftlegtop) { transformation: [-0.9917418234032215f,0.0011554420028610033f,0.12824515845298579f,0.11875f,-0.09439130885120726f,0.6703861902861112f,-0.7359841280129822f,0.6328125f,-0.08682417017288104f,-0.7420114694716327f,-0.6647409590557354f,1.4542680739874818e-17f,0f,0f,0f,1f], start_interpolation: 0, interpolation_duration: 1 }
$data merge entity $(bone_leftlegbottom) { transformation: [-0.9963749847936074f,-0.07012397718451129f,0.04816136938838764f,0.11831670924892712f,-0.0648690968190586f,0.9925489458053687f,0.10314354298031109f,0.38141767864270826f,-0.05503535186966807f,0.09964546153477266f,-0.9934998198490546f,0.2782543010518622f,0f,0f,0f,1f], start_interpolation: 0, interpolation_duration: 1 }
$data merge entity $(bone_rightlegtop) { transformation: [-0.9903591729180106f,0.13851112278385988f,0.0018377927816912289f,-0.11875f,0.1321979587041699f,0.9410901887666874f,0.311244206888307f,0.6328125f,0.041381255800235515f,0.3084865077636867f,-0.95032818867808f,-1.4542680739874818e-17f,0f,0f,0f,1f], start_interpolation: 0, interpolation_duration: 1 }
$data merge entity $(bone_rightlegbottom) { transformation: [-0.9895435525018559f,-0.12666303088975778f,0.06899300187574775f,-0.17069167104394745f,-0.0481890803490998f,0.7411851406349417f,0.6695688163565189f,0.27990367921249226f,-0.13594620346708713f,0.6592427958709766f,-0.739538752098295f,-0.11568244041138252f,0f,0f,0f,1f], start_interpolation: 0, interpolation_duration: 1 }